service_id,monday,tuesday,wednesday,thursday,friday,saturday,sunday,start_date,end_date
8039,0,1,1,0,0,0,0,20211117,20211125
8040,1,0,0,1,0,0,0,20211116,20211126
467,0,0,0,0,1,0,0,20211106,20211211
8041,0,0,0,0,1,0,0,20211106,20211211
249,0,0,0,0,0,1,0,20211107,20211212
8043,1,1,1,1,0,0,0,20211102,20211210
8044,1,1,1,1,0,0,0,20211102,20211210
8045,1,1,1,1,0,1,1,20211102,20211212
1418,0,0,0,0,1,0,0,20211106,20211113
1265,0,0,0,0,1,0,0,20211120,20211211
8046,0,0,0,0,0,1,0,20211107,20211205
8047,0,0,0,0,1,1,1,20211106,20211211
8048,0,0,0,0,0,0,1,20211108,20211206
8049,0,0,0,0,1,0,0,20211106,20211211
8050,0,1,1,1,1,0,0,20211103,20211211
8051,0,0,0,0,0,0,1,20211108,20211206
8052,1,1,1,1,0,0,0,20211102,20211210
8053,1,1,1,1,0,0,0,20211102,20211210
8054,1,0,0,0,0,0,0,20211102,20211207
8056,1,1,1,1,0,0,0,20211102,20211210
8057,1,1,1,1,0,0,0,20211102,20211210
8058,0,0,0,0,1,0,0,20211120,20211204
8059,0,0,0,0,0,0,1,20211108,20211206
8060,0,0,0,0,0,1,0,20211107,20211205
8062,0,0,0,0,1,1,1,20211106,20211211
8064,1,0,0,0,0,0,0,20211102,20211109
8065,0,0,0,0,1,0,0,20211106,20211211
8066,0,1,1,1,1,0,0,20211103,20211211
8067,1,1,1,1,0,1,0,20211102,20211212
8068,1,0,0,0,1,0,1,20211102,20211211
4217,0,0,0,1,0,0,0,20211105,20211210
8069,1,0,0,0,0,0,0,20211102,20211207
8070,1,0,0,0,0,0,0,20211116,20211207
172,0,1,1,1,1,0,0,20211103,20211211
8071,0,0,0,0,1,1,0,20211106,20211212
8072,0,1,1,1,0,1,1,20211103,20211212
8073,1,1,1,0,0,0,0,20211102,20211209
8074,0,1,1,1,0,0,0,20211103,20211210
8075,0,1,1,1,0,1,0,20211103,20211212
2,0,0,0,0,0,0,1,20211108,20211206
8076,1,0,0,1,0,0,0,20211102,20211115
1550,0,0,0,0,1,0,1,20211120,20211211
8077,0,0,0,0,1,0,1,20211106,20211115
8078,1,0,0,0,0,0,0,20211102,20211207
8079,1,0,0,0,1,0,1,20211102,20211211
8080,0,1,1,1,0,0,0,20211103,20211112
8081,1,0,0,0,1,0,0,20211102,20211211
8082,1,0,0,0,0,0,0,20211109,20211207
8083,0,1,1,1,0,0,0,20211117,20211210
8084,0,0,0,1,1,0,0,20211105,20211211
8085,1,1,1,1,0,0,0,20211102,20211210
8087,0,1,1,1,0,0,1,20211103,20211210
8088,0,0,0,0,0,0,1,20211108,20211206
8089,1,0,0,0,0,0,0,20211102,20211207
829,1,1,1,1,1,0,0,20211116,20211211
5889,1,1,1,1,0,0,1,20211102,20211210
1818,1,1,1,1,1,0,0,20211102,20211113
8090,0,1,1,1,1,0,0,20211103,20211211
236,0,0,0,0,0,0,1,20211122,20211206
8091,0,0,0,0,1,0,0,20211120,20211211
184,0,0,0,0,0,0,1,20211108,20211115
8092,1,1,1,1,0,0,0,20211102,20211112
8093,1,1,1,1,0,0,0,20211116,20211210
8094,0,0,0,0,1,1,1,20211106,20211115
8095,1,0,0,0,0,1,1,20211102,20211212
8096,0,0,0,0,1,1,1,20211120,20211212
8097,1,1,1,1,0,1,1,20211102,20211212
8098,1,0,0,0,0,0,0,20211102,20211207
8099,0,1,1,1,1,0,0,20211103,20211211
8100,0,1,1,1,1,0,0,20211117,20211211
8101,0,1,1,1,1,0,0,20211103,20211113
2909,1,1,1,1,0,0,0,20211102,20211112
1350,1,1,1,1,0,0,0,20211116,20211210
8103,1,0,0,0,0,0,0,20211102,20211109
9,0,0,0,0,0,1,0,20211107,20211205
8104,0,0,0,0,0,1,1,20211107,20211115
8105,1,0,0,0,0,0,0,20211116,20211207
3062,0,0,0,0,1,1,1,20211120,20211211
8106,0,0,0,0,1,0,0,20211106,20211211
8107,1,1,1,0,0,0,0,20211102,20211209
8108,0,0,0,0,1,0,0,20211106,20211113
8109,0,0,0,0,1,0,0,20211120,20211211
8110,0,1,1,1,0,1,0,20211103,20211212
8111,0,1,1,1,0,0,0,20211117,20211210
8112,0,1,0,0,1,0,0,20211103,20211113
8113,0,1,1,1,1,0,0,20211103,20211113
8116,0,1,0,0,1,0,0,20211117,20211211
8117,1,0,1,1,0,1,0,20211102,20211114
8119,0,1,1,1,0,0,0,20211103,20211112
8120,1,0,1,1,0,1,0,20211116,20211212
8121,0,1,1,1,0,0,0,20211103,20211210
8122,0,1,1,1,0,0,0,20211117,20211210
8123,0,1,1,1,1,0,0,20211117,20211211
266,0,0,0,0,0,1,0,20211121,20211212
6036,0,0,0,0,0,0,1,20211107,20211206
8124,0,1,1,1,0,0,0,20211103,20211112
8125,1,0,0,0,1,1,0,20211102,20211212
8126,1,1,1,1,0,0,1,20211102,20211210
8127,1,0,0,0,1,0,1,20211102,20211211
8128,1,1,1,1,0,0,0,20211116,20211210
8129,1,1,1,1,0,0,0,20211102,20211112
5988,0,0,0,0,0,0,1,20211108,20211115
5984,0,0,0,0,0,0,1,20211122,20211206
8130,1,0,1,1,0,0,0,20211116,20211210
8131,0,1,0,0,1,0,0,20211117,20211211
8132,1,0,0,0,0,0,0,20211116,20211207
8133,0,0,0,0,0,0,1,20211108,20211115
8135,1,0,0,0,0,1,1,20211102,20211115
8136,1,0,0,0,1,1,1,20211116,20211212
8137,0,1,0,0,1,0,0,20211103,20211113
8138,0,1,1,1,0,0,0,20211103,20211210
8139,1,0,0,0,0,0,0,20211102,20211109
8140,0,0,0,1,0,0,1,20211105,20211210
8142,1,0,0,0,0,0,0,20211116,20211207
8143,1,0,0,0,0,0,0,20211102,20211109
8144,1,0,0,1,0,0,0,20211104,20211112
2033,1,1,1,1,1,1,0,20211116,20211212
2578,1,1,1,1,1,1,0,20211102,20211114
8145,1,1,1,1,1,1,0,20211102,20211114
993,1,1,1,1,1,1,0,20211116,20211211
2866,1,1,1,1,1,0,1,20211116,20211211
8146,1,1,0,0,0,0,0,20211102,20211103
8147,1,1,1,1,1,0,1,20211102,20211115
2385,1,1,1,1,1,1,1,20211116,20211211
8148,1,1,1,1,1,1,1,20211104,20211115
6850,1,1,0,0,0,0,0,20211102,20211103
6851,1,1,1,1,1,1,1,20211104,20211115
8149,1,1,0,0,0,0,0,20211102,20211103
8150,1,1,1,1,1,1,0,20211102,20211114
8151,1,1,1,1,0,0,0,20211104,20211210
6818,0,0,0,0,1,1,0,20211106,20211212
8152,0,0,0,0,0,0,1,20220110,20220124
8153,0,0,0,0,1,1,0,20220104,20220130
8154,0,0,0,0,0,0,1,20211213,20220124
8155,0,0,0,0,0,0,1,20211213,20220103
323,0,0,0,0,0,1,0,20211219,20220130
326,0,0,0,0,1,0,0,20220104,20220129
576,0,0,0,0,0,0,1,20211213,20220124
788,0,0,0,0,1,0,0,20211225,20220101
1663,1,0,0,0,0,0,1,20211213,20220125
8156,0,0,0,0,0,1,0,20220109,20220130
564,0,0,0,0,1,0,0,20220104,20220129
533,0,0,0,1,0,0,0,20211224,20211231
8157,0,0,0,0,1,1,0,20211219,20220102
410,0,1,1,1,0,0,0,20220104,20220128
3113,1,0,0,0,0,0,0,20211214,20220125
8158,0,1,1,1,0,0,0,20220104,20220128
8159,1,1,1,1,0,0,0,20211214,20220128
1587,0,0,0,0,1,0,0,20220108,20220129
1591,0,0,0,1,0,0,0,20211218,20211231
8160,0,0,0,0,0,0,1,20211213,20220124
8161,0,0,0,0,1,1,1,20211213,20220130
8162,0,0,0,0,1,0,1,20220108,20220129
8163,0,0,0,1,0,0,1,20211213,20220103
1824,1,1,1,1,1,0,0,20211214,20211231
263,0,0,0,0,0,1,0,20211107,20211114
2153,0,0,0,0,0,1,0,20220109,20220130
8164,1,1,1,1,0,0,0,20211214,20220128
8165,0,0,0,0,0,1,0,20220109,20220130
1149,1,1,1,1,1,0,0,20220104,20220129
2319,0,0,0,0,1,1,0,20211219,20220102
1593,1,1,1,1,0,0,0,20211214,20211230
6244,1,1,1,1,0,0,0,20220104,20220128
8166,0,0,0,0,1,1,0,20211219,20220102
8167,1,1,1,1,1,0,0,20211214,20220129
8168,0,0,0,0,1,0,0,20220104,20220129
4251,0,0,0,0,1,1,0,20211219,20220102
8169,1,1,1,1,0,1,0,20220104,20220130
8170,0,0,0,0,1,0,0,20220104,20220129
8171,1,1,1,0,1,1,0,20211214,20220102
8172,1,1,1,1,0,1,1,20211213,20220130
8173,0,0,0,0,1,0,1,20220108,20220129
8174,0,0,0,0,0,1,1,20211213,20220130
8175,0,0,0,1,0,0,1,20211213,20220103
399,0,0,0,0,0,0,1,20211213,20220124
8176,0,1,1,1,1,1,1,20211213,20220103
8177,0,0,0,0,1,0,0,20220104,20220129
8178,1,1,1,0,1,1,0,20211214,20220102
8179,0,0,0,0,0,0,1,20211213,20220124
8180,1,1,1,1,0,1,0,20220104,20220130
8181,0,1,1,1,1,1,1,20220105,20220130
4619,0,0,0,0,0,0,1,20220110,20220124
8182,1,1,1,1,0,1,1,20211213,20220130
4620,0,0,0,0,0,0,1,20211213,20220103
8183,1,0,0,0,0,0,0,20220104,20220125
8184,1,0,0,0,0,0,0,20211214,20211228
8185,0,0,0,1,0,0,1,20211213,20220103
8186,0,0,0,0,0,0,1,20220110,20220124
3194,1,1,1,1,1,1,0,20211102,20211212
57,0,0,0,0,0,0,1,20211108,20211206
1098,0,0,0,0,1,0,0,20211106,20211211
322,1,1,1,1,1,0,0,20211123,20211127
1722,1,1,1,1,1,0,0,20211207,20211211
8187,0,0,0,0,0,0,1,20211108,20211206
3085,1,0,1,1,1,0,0,20211130,20211204
8188,1,1,1,1,0,1,0,20211102,20211212
3095,1,1,1,1,0,0,0,20211102,20211113
3096,0,1,1,1,1,0,0,20211117,20211120
6324,0,0,0,0,0,1,1,20211108,20211212
8190,1,1,1,1,0,0,0,20211102,20211210
6,0,0,0,0,1,0,0,20211106,20211211
8191,1,1,1,1,0,0,0,20211102,20211210
6034,0,0,0,0,1,0,0,20211113,20211211
166,0,0,0,0,0,1,1,20211114,20211115
8192,0,0,0,0,1,0,0,20211106,20211211
8193,1,1,1,1,0,0,0,20211102,20211210
5798,1,1,1,1,1,1,1,20211102,20211212
6422,0,0,0,0,1,1,1,20211106,20211212
6033,0,0,0,0,0,0,1,20211108,20211129
3347,1,1,1,1,1,1,1,20211102,20211212
8194,0,0,0,0,1,0,0,20211106,20211211
3087,0,0,0,0,0,1,1,20211114,20211212
3343,0,0,0,0,0,0,1,20211115,20211116
3342,1,1,1,1,1,0,1,20211116,20211211
7813,0,0,0,0,0,1,0,20211121,20211205
5139,1,1,1,1,1,0,0,20211102,20211211
3738,0,0,0,0,0,0,1,20211122,20211206
282,0,0,0,0,0,1,0,20211205,20211212
1084,0,0,0,0,0,1,0,20211114,20211128
8195,0,0,0,0,1,0,0,20211106,20211211
1061,0,0,0,0,0,1,0,20211114,20211212
55,1,1,1,1,1,0,0,20211102,20211211
110,0,0,0,0,0,0,1,20211108,20211206
8196,1,1,1,1,0,0,0,20211102,20211210
6354,1,1,1,1,1,1,0,20211102,20211212
5576,1,1,1,1,1,0,0,20211102,20211211
8197,0,0,0,0,0,1,0,20211114,20211121
79,1,1,1,1,1,0,0,20211102,20211211
658,1,0,0,0,0,0,0,20211102,20211207
3156,0,0,0,0,0,1,1,20211108,20211212
6391,0,0,0,0,1,0,1,20211106,20211211
5498,0,0,0,0,0,0,1,20211108,20211129
6439,1,1,1,1,1,1,0,20211109,20211129
4195,0,0,0,0,1,0,0,20211113,20211129
8199,0,0,0,0,0,1,0,20211205,20211212
5,1,1,1,1,1,0,0,20211102,20211211
6372,1,1,1,1,1,1,1,20211102,20211212
1243,0,0,0,0,0,0,1,20211115,20211206
6371,0,1,1,0,0,0,0,20211110,20211111
1114,1,1,1,1,1,1,1,20211213,20220130
8200,1,1,1,1,1,0,0,20211214,20220129
8201,0,0,0,0,1,0,0,20220104,20220129
1186,1,1,1,1,1,0,0,20211214,20220129
8202,0,0,0,0,0,1,1,20211213,20220130
1156,0,0,0,0,0,0,1,20211213,20220124
8203,1,1,1,1,0,0,0,20211214,20220128
8204,0,0,0,0,1,0,0,20211225,20220101
8205,0,0,0,0,0,1,0,20211219,20220102
7096,1,1,1,1,1,1,1,20211214,20220130
1430,0,0,0,0,0,1,0,20211219,20220102
2051,0,0,0,0,0,0,1,20211220,20220117
8206,1,0,0,0,0,1,0,20211214,20220130
8207,0,1,1,1,1,0,0,20220104,20220129
8208,1,1,1,1,1,1,0,20220104,20220130
8209,0,1,1,1,0,0,0,20220104,20220128
8210,1,1,1,1,1,1,0,20211214,20220102
8211,0,1,1,1,0,0,0,20220104,20220128
8212,0,0,0,0,0,0,1,20211213,20220103
8213,0,0,0,0,0,0,1,20220110,20220124
8214,1,0,0,0,0,0,0,20211214,20220125
392,1,1,1,1,1,1,1,20211213,20220130
8215,0,0,0,0,0,1,1,20211213,20220130
8216,1,1,1,1,0,0,0,20211214,20220128
8217,1,1,1,1,0,0,1,20211213,20220128
8218,0,0,0,0,1,0,0,20220104,20220129
401,0,0,0,0,0,0,1,20211213,20220124
8219,1,0,0,0,1,1,1,20211213,20220130
1284,0,0,0,0,0,1,0,20220104,20220130
511,1,1,1,1,0,1,1,20211213,20220130
8220,0,1,1,1,0,0,0,20220104,20220128
8221,0,0,1,1,0,0,0,20211216,20211231
8222,1,1,1,1,1,1,0,20211214,20220130
2489,0,0,0,0,1,0,0,20220104,20220129
8223,0,0,1,1,1,0,0,20220106,20220129
8224,1,1,1,1,0,0,1,20211213,20220128
1272,0,0,0,0,1,0,1,20211213,20220129
3489,0,0,0,0,0,1,0,20211219,20220130
3660,0,0,0,0,1,0,1,20220108,20220129
8225,1,1,0,0,1,1,1,20211213,20220103
8226,1,1,0,0,0,1,1,20220104,20220130
406,1,1,1,1,0,0,0,20211214,20220128
8227,0,0,0,0,0,0,1,20211213,20220124
2024,0,0,0,0,1,1,1,20211213,20220130
8228,1,0,0,0,1,1,1,20211213,20220130
1148,1,1,1,1,1,1,0,20220104,20220130
8229,1,1,1,1,0,0,0,20211214,20220128
3657,0,0,0,1,0,0,1,20211213,20220103
1142,1,1,1,1,1,1,0,20211214,20220102
1876,0,0,0,0,0,0,1,20211213,20220124
1266,1,1,1,1,0,0,0,20211102,20211210
441,0,0,0,0,0,1,1,20211107,20211212
8230,1,0,0,0,0,0,0,20211116,20211207
1693,1,1,1,1,1,0,0,20211102,20211211
2459,1,1,1,1,1,0,1,20211102,20211211
1269,0,0,0,0,1,0,1,20211106,20211115
6004,1,1,1,1,0,0,1,20211102,20211210
8231,1,1,1,1,1,0,1,20211102,20211115
8232,1,0,0,0,0,0,0,20211102,20211109
2035,1,1,1,1,1,0,0,20211102,20211113
8233,1,0,0,0,0,0,0,20211116,20211207
129,0,0,0,0,1,0,0,20211106,20211211
5464,0,0,0,0,0,1,0,20211107,20211114
8234,0,1,1,1,1,1,1,20211103,20211114
8235,0,1,1,1,1,1,1,20211117,20211212
5004,0,0,0,0,1,1,0,20211106,20211212
6111,1,1,1,1,0,0,0,20211102,20211210
2488,0,0,0,0,1,0,0,20211106,20211113
8236,1,0,0,0,0,0,0,20211102,20211109
4835,1,1,1,1,0,0,0,20211102,20211112
8237,1,1,1,1,1,0,1,20211116,20211211
496,1,1,1,1,0,0,0,20211123,20211210
4837,1,1,1,1,0,0,0,20211116,20211119
8238,0,1,1,1,1,1,1,20211117,20211212
8239,0,1,1,1,1,1,1,20211103,20211113
8240,0,0,0,0,0,1,0,20211121,20211212
8241,0,0,0,0,0,1,0,20211107,20211114
8242,1,0,0,0,0,0,0,20211116,20211207
8243,0,1,1,1,0,0,1,20211103,20211115
8244,1,0,0,0,0,0,0,20211102,20211109
8245,0,1,1,1,0,0,1,20211117,20211210
8246,0,0,0,0,1,0,0,20211204,20211211
1391,1,0,1,1,0,0,0,20211102,20211112
673,1,1,1,1,1,1,1,20211102,20211212
3419,1,1,1,1,0,1,1,20211102,20211212
8247,0,0,0,0,1,0,0,20211106,20211127
6125,1,1,1,1,1,1,0,20211103,20211212
5968,1,1,1,1,1,1,1,20211107,20211212
8248,1,0,0,1,0,0,0,20211116,20211210
8249,1,1,1,1,0,0,1,20211116,20211210
2268,1,1,1,1,0,0,0,20211102,20211112
8250,1,0,0,0,0,0,0,20211102,20211112
8251,1,1,1,1,0,0,1,20211102,20211115
2816,0,0,0,0,0,1,1,20211107,20211115
8252,0,1,1,0,0,1,1,20211103,20211114
1067,0,0,0,0,0,1,1,20211121,20211212
8253,0,0,0,0,1,1,0,20211120,20211212
4370,0,0,0,0,1,0,0,20211106,20211113
2575,1,1,1,1,1,1,1,20211102,20211115
1859,1,1,1,1,1,1,1,20211116,20211212
8254,0,1,1,0,0,1,1,20211117,20211212
6066,1,1,1,0,1,1,1,20211102,20211114
8255,0,0,0,0,1,1,0,20211106,20211114
8256,0,0,0,0,0,1,0,20211107,20211114
8257,0,0,0,0,0,1,0,20211121,20211212
1585,1,1,1,1,0,0,0,20211102,20211112
8258,1,1,1,1,1,0,0,20211102,20211113
8259,1,1,1,1,1,0,0,20211116,20211211
1613,1,1,1,1,1,1,0,20211102,20211212
6137,1,1,1,1,1,0,1,20211102,20211211
275,0,0,0,0,0,1,0,20211107,20211212
2935,1,1,1,1,1,0,0,20211102,20211211
2934,0,0,0,1,1,0,0,20211105,20211106
3511,0,0,0,0,1,1,0,20211106,20211212
8261,0,0,0,0,0,1,0,20211205,20211212
8262,0,0,0,0,0,1,0,20211121,20211128
6110,1,1,1,1,0,0,1,20211102,20211210
8263,0,0,0,0,0,1,0,20211107,20211114
3808,1,1,1,1,1,0,1,20211102,20211211
4473,1,1,1,1,0,0,0,20211102,20211112
4952,1,1,1,1,1,1,0,20211102,20211212
6095,1,1,1,1,0,1,1,20211116,20211212
6097,1,1,1,1,1,1,1,20211102,20211115
8264,0,1,1,1,0,0,0,20211103,20211112
8265,0,1,1,1,0,0,0,20211117,20211210
8266,0,0,0,0,1,0,0,20211106,20211113
8267,1,0,0,0,0,0,0,20211102,20211207
8268,0,0,0,0,1,0,0,20211120,20211211
8269,0,0,0,0,0,1,0,20211107,20211114
8271,0,0,0,0,0,1,0,20211121,20211212
8272,1,1,1,1,0,0,0,20211102,20211112
2718,1,1,1,1,1,1,1,20211102,20211212
8273,1,0,0,0,1,1,0,20211116,20211212
8274,1,0,0,0,1,1,0,20211102,20211114
8275,0,1,1,1,1,1,0,20211103,20211212
8276,1,1,1,1,1,0,0,20211116,20211211
8277,1,1,1,1,1,0,0,20211102,20211113
8278,1,1,1,1,1,0,1,20211102,20211211
8279,1,1,1,1,0,0,0,20211116,20211210
8280,0,0,0,0,0,1,1,20211107,20211115
2570,1,1,1,1,0,0,1,20211116,20211210
4766,0,0,1,0,0,0,1,20211108,20211115
8281,1,0,0,0,0,0,0,20211116,20211207
448,1,1,1,1,1,0,0,20211116,20211127
8283,1,0,0,0,0,0,0,20211102,20211109
8284,1,0,1,0,0,0,0,20211102,20211110
5445,0,0,0,0,0,1,1,20211121,20211212
8285,0,1,0,0,0,0,0,20211103,20211110
8286,1,1,1,1,1,1,1,20211102,20211115
2867,1,1,1,1,1,0,1,20211102,20211115
6226,1,1,1,1,1,0,0,20211102,20211112
5446,1,1,1,1,1,0,0,20211116,20211211
8288,0,0,0,0,0,1,0,20211123,20211212
8289,1,1,1,1,1,0,0,20211114,20211211
6225,1,1,1,1,1,0,0,20211116,20211211
8290,0,1,0,0,0,0,0,20211117,20211208
8291,0,1,0,1,0,0,0,20211103,20211112
3326,1,1,1,1,1,1,0,20211102,20211114
8292,1,0,1,1,1,1,1,20211102,20211113
135,0,0,0,0,0,1,1,20211121,20211122
8293,0,0,0,0,0,0,1,20211115,20211122
8294,0,1,1,1,0,0,0,20211117,20211210
8295,1,0,1,1,1,1,1,20211116,20211212
6145,1,1,1,1,1,1,0,20211102,20211113
6009,0,0,0,0,1,1,1,20211106,20211115
6146,1,1,1,1,1,1,0,20211116,20211212
8296,0,0,0,0,0,0,1,20211123,20211206
8297,0,1,1,1,0,0,0,20211103,20211112
5116,0,0,0,0,1,1,1,20211120,20211212
2612,1,0,0,0,0,0,0,20211102,20211109
4001,0,1,1,1,0,0,0,20211103,20211112
8298,0,0,0,0,0,1,0,20211121,20211128
274,0,0,1,0,0,0,1,20211108,20211115
8299,0,0,0,0,0,1,0,20211107,20211114
1877,0,0,0,0,0,0,1,20211108,20211115
2958,1,1,1,1,1,0,0,20211102,20211113
8300,0,0,0,0,0,0,1,20211108,20211115
8301,0,0,0,0,0,1,0,20211205,20211212
6279,1,1,1,1,1,1,1,20211102,20211115
8302,0,0,0,0,0,1,0,20211107,20211114
8303,1,1,1,1,0,0,1,20211116,20211210
8304,1,0,0,1,0,0,0,20211116,20211210
8305,0,0,0,1,0,0,0,20211105,20211112
8306,1,1,1,1,0,0,0,20211116,20211210
8307,1,1,1,1,0,0,1,20211102,20211115
8308,1,1,1,1,0,0,0,20211102,20211112
3791,1,1,1,1,1,1,0,20211106,20211114
3790,1,1,1,1,1,0,0,20211201,20211211
3782,1,0,1,0,0,0,0,20211102,20211104
3792,1,0,1,0,0,0,0,20211130,20211202
8309,0,0,0,0,0,0,1,20211108,20211115
4659,0,0,0,0,0,0,1,20211115,20211206
8310,0,0,0,0,0,0,1,20211122,20211206
8311,0,0,0,0,1,1,0,20211106,20211114
8312,0,1,1,0,0,0,0,20211103,20211111
6134,1,1,1,1,1,0,0,20211102,20211127
8313,0,1,1,0,0,0,0,20211117,20211209
6131,0,0,0,0,0,1,1,20211107,20211111
6133,1,1,1,1,1,1,1,20211121,20211212
8314,0,0,0,0,1,1,0,20211120,20211212
8315,1,1,1,1,1,0,0,20211116,20211211
8316,1,1,1,1,1,0,0,20211102,20211113
8317,0,0,0,0,0,1,0,20211121,20211212
8319,0,0,0,0,0,1,1,20211121,20211212
7201,1,1,1,1,0,0,0,20211102,20211112
1071,1,0,0,0,0,0,0,20211116,20211207
7202,0,0,0,0,0,0,1,20211108,20211115
8320,0,0,0,0,1,0,0,20211120,20211211
8321,0,0,0,0,1,0,0,20211106,20211113
8322,0,0,0,0,0,1,1,20211107,20211114
4959,0,1,1,1,1,0,0,20211103,20211113
1069,0,1,1,1,1,0,0,20211117,20211211
504,0,0,0,0,1,0,0,20211204,20211211
8323,0,0,0,0,0,0,1,20211108,20211115
3393,1,1,1,1,1,1,1,20211102,20211115
2957,1,1,1,1,1,1,0,20211102,20211114
8325,0,0,0,0,0,0,1,20211122,20211129
6139,1,1,1,1,0,0,0,20211102,20211115
8326,0,1,0,0,0,0,0,20211117,20211208
8327,0,1,1,1,0,0,0,20211117,20211210
8328,0,1,1,1,0,0,0,20211103,20211112
8329,0,0,0,0,0,1,0,20211121,20211212
8330,0,1,0,0,0,0,0,20211103,20211110
8331,0,0,0,0,0,1,0,20211107,20211114
7207,0,1,0,1,1,0,0,20211103,20211113
8333,1,0,1,1,1,0,0,20211116,20211211
8334,1,0,1,1,1,0,0,20211102,20211113
8335,0,0,0,0,0,0,1,20211108,20211115
8336,0,0,0,0,0,0,1,20211122,20211206
8337,1,0,0,0,0,1,1,20211102,20211115
8338,1,0,0,0,1,1,1,20211116,20211212
8340,1,1,1,1,1,0,1,20211213,20220128
8341,0,0,0,0,0,0,1,20211213,20220124
8342,0,0,0,0,0,1,0,20220104,20220130
8343,1,1,1,1,1,1,0,20211214,20220130
8345,0,0,0,0,1,0,0,20220104,20220129
8347,1,1,1,1,0,0,0,20211214,20220128
8348,0,0,0,0,0,1,1,20211213,20220130
8349,1,0,0,0,0,0,0,20211214,20220125
8350,0,1,1,1,1,1,0,20211215,20220130
8351,0,0,0,0,0,0,1,20211213,20220124
1087,0,0,0,0,0,1,0,20211107,20211114
2304,1,1,1,1,1,0,1,20211102,20211115
6364,1,1,1,1,1,0,1,20211102,20211115
2311,1,1,1,1,1,0,1,20211122,20211211
7413,1,1,1,1,1,1,0,20211102,20211113
987,0,0,0,0,0,0,1,20211129,20211206
8354,0,0,0,0,0,1,0,20211128,20211212
8356,0,0,0,0,0,0,1,20211129,20211206
4521,1,1,1,1,1,0,0,20211102,20211113
3650,1,1,1,1,1,1,1,20211102,20211212
6394,1,1,1,1,1,1,0,20211102,20211114
5092,1,1,1,1,1,1,1,20211102,20211212
970,1,1,1,1,0,0,0,20211116,20211126
8362,0,0,0,0,1,0,0,20211120,20211211
8363,1,1,1,1,0,1,1,20211102,20211115
5607,0,1,1,1,1,0,0,20211103,20211113
5602,1,0,0,0,0,0,0,20211102,20211109
8364,1,1,1,1,0,1,1,20211116,20211212
8365,0,0,0,0,1,0,0,20211106,20211113
1626,0,0,0,0,0,0,1,20211213,20220124
4833,1,1,1,1,0,0,0,20211214,20220128
8366,0,0,0,0,0,0,1,20211213,20220124
1589,1,1,1,1,0,0,0,20220104,20220128
2031,0,0,0,0,0,0,1,20211213,20220124
2447,1,1,1,1,1,1,0,20211214,20220130
2039,1,1,1,1,1,1,0,20220104,20220130
8367,1,1,1,1,1,0,0,20211214,20220129
2933,0,0,0,0,0,1,0,20220104,20220130
2937,1,1,1,1,1,0,0,20211214,20220129
2028,1,1,1,1,1,1,0,20211214,20220102
6207,0,0,0,0,1,0,1,20220104,20220129
8368,0,0,0,0,0,0,1,20211213,20220124
8369,1,1,1,1,1,0,0,20211214,20211231
8370,1,1,1,1,1,0,0,20220104,20220129
5036,0,1,1,1,0,0,0,20211215,20211231
8371,1,1,1,1,1,1,0,20211214,20220130
8372,0,0,0,0,1,1,1,20211213,20220103
1993,1,1,1,1,1,0,0,20211214,20220129
3451,0,0,0,0,1,0,1,20220108,20220129
5975,1,1,1,1,0,0,0,20220104,20220128
3448,0,0,0,1,0,0,1,20211213,20220103
4450,0,0,0,0,1,1,0,20211219,20220102
431,1,0,0,0,0,0,0,20211214,20220125
6143,0,0,0,0,0,1,0,20220109,20220130
5039,0,1,1,1,1,0,0,20220105,20220129
8373,0,0,0,0,0,1,1,20220109,20220130
2573,1,1,1,1,1,1,1,20220104,20220130
3485,1,1,1,1,1,1,1,20211213,20220103
8374,1,1,1,1,1,1,0,20211214,20220130
8375,1,0,0,0,0,0,0,20220104,20220125
8376,0,0,0,0,1,0,0,20220104,20220129
5941,0,0,0,0,1,0,0,20220104,20220129
1333,1,1,1,1,1,0,1,20211213,20220129
8377,0,0,0,0,0,1,0,20220104,20220130
1150,1,1,1,1,1,0,0,20211214,20211231
8378,1,1,1,1,1,0,0,20220104,20220129
8379,0,0,0,0,1,0,0,20220104,20220129
8380,1,1,1,1,0,0,1,20220104,20220128
8381,1,1,1,1,0,0,0,20211221,20211231
8382,0,0,0,0,0,0,1,20211213,20220124
8383,1,1,1,1,1,0,0,20211214,20211218
8384,1,0,0,0,1,1,0,20211214,20220130
8385,1,1,1,0,0,0,0,20211214,20211230
8386,1,1,1,0,0,0,0,20220104,20220127
8387,1,1,1,1,0,0,1,20211213,20220128
8388,1,1,1,0,0,0,1,20211213,20220103
8389,1,0,0,0,0,0,0,20211214,20211228
8390,0,1,1,1,0,0,0,20220104,20220128
8391,0,0,0,1,0,0,0,20211217,20211231
8392,0,0,0,1,0,0,0,20220107,20220128
8393,0,0,0,0,0,0,1,20211213,20220124
8394,0,1,1,1,0,0,1,20220105,20220128
8395,0,0,0,0,0,1,1,20211213,20220130
8396,0,0,0,1,0,0,0,20211218,20211231
8397,0,1,1,0,0,0,1,20211213,20220103
8398,1,1,1,1,0,0,0,20211214,20220128
8399,0,0,0,0,1,1,0,20220104,20220130
8400,0,0,0,0,1,0,0,20220108,20220129
8401,0,0,0,0,0,1,1,20211213,20220130
8402,0,0,0,0,0,1,0,20220104,20220130
8403,1,1,1,1,1,0,0,20211214,20211231
8404,0,0,0,0,1,0,0,20220104,20220129
2608,0,0,0,0,0,0,1,20220110,20220124
8405,0,0,0,0,1,0,0,20220104,20220129
8406,1,1,1,1,1,0,0,20211214,20211231
8407,0,1,1,1,1,0,0,20220105,20220129
8408,1,1,1,1,1,0,0,20220104,20220129
8409,1,0,0,1,0,0,1,20211213,20220103
8410,0,1,1,1,0,0,0,20211215,20211231
8411,1,0,0,0,0,0,0,20211214,20211228
8412,1,1,1,1,1,0,1,20211213,20220129
8413,1,1,1,1,0,0,1,20220104,20220128
8414,1,0,0,0,1,0,0,20220104,20220129
8415,0,1,1,1,0,0,0,20220104,20220128
8416,1,1,1,1,1,0,0,20220104,20220129
8417,1,0,0,0,1,0,0,20211214,20220129
499,0,0,0,0,0,1,1,20211213,20220130
8418,1,1,1,1,0,0,0,20211214,20220128
8419,1,1,1,1,0,0,0,20211214,20220128
8420,1,1,1,0,0,0,1,20211213,20220103
8421,1,0,0,0,0,0,0,20220104,20220125
8422,1,0,0,0,0,0,0,20220104,20220125
8423,1,0,0,0,0,0,0,20211214,20211228
8424,1,0,0,0,0,0,0,20211214,20220125
8425,0,0,0,0,1,1,0,20220104,20220130
8426,0,0,0,0,1,1,0,20211219,20220102
8427,0,1,1,0,0,0,0,20211215,20211230
8428,0,1,1,1,0,0,0,20220105,20220128
8429,0,0,0,0,1,0,1,20211213,20220129
8430,0,1,1,1,0,0,0,20211215,20211231
8431,0,0,0,0,0,1,0,20220109,20220130
8432,0,0,0,0,0,0,1,20220110,20220124
8433,0,0,0,0,0,1,1,20220109,20220130
8434,0,0,0,0,1,1,1,20211213,20220103
8435,0,0,0,1,1,1,0,20211218,20220102
8436,0,1,1,1,1,0,0,20220105,20220129
8437,0,0,0,0,1,1,0,20220108,20220130
8438,0,1,1,1,0,0,0,20220104,20220128
8439,0,0,0,0,0,0,1,20211213,20220103
8440,0,0,0,0,0,0,1,20220110,20220124
8441,0,0,0,1,0,0,1,20211213,20220103
2310,1,1,1,1,0,0,1,20211213,20220128
4037,0,0,0,0,1,0,1,20211213,20220129
8442,1,1,1,1,0,1,0,20211214,20220130
2271,1,1,1,1,0,0,0,20211214,20220128
8443,1,1,1,1,1,1,0,20211214,20220130
5012,1,1,1,1,1,0,0,20211214,20220129
6658,1,1,1,1,1,1,0,20211214,20220130
6654,0,0,0,0,0,0,1,20211213,20220124
6685,0,0,0,0,1,0,1,20211213,20220129
2367,0,0,0,0,1,1,0,20220104,20220130
336,1,1,1,1,1,0,0,20211214,20220129
5513,0,0,0,0,1,0,0,20220104,20220129
8444,0,0,0,0,1,1,1,20211213,20220130
5400,1,0,0,1,1,0,0,20211214,20220129
5402,0,1,1,0,0,0,1,20211213,20220127
8445,0,0,0,0,1,1,1,20211213,20220130
6884,0,0,0,0,1,0,1,20211213,20220129
6655,0,0,1,1,1,0,1,20211213,20220129
6656,1,1,0,0,0,1,0,20211214,20220130
6579,0,0,0,0,0,1,0,20211107,20211122
8446,0,0,1,1,0,0,0,20211203,20211210
8447,1,1,1,1,0,0,0,20211102,20211208
4522,0,0,0,0,1,0,0,20211106,20211113
6515,0,0,0,0,1,0,0,20211120,20211211
3032,0,0,0,0,0,0,1,20211108,20211206
6516,1,1,1,1,0,0,0,20211116,20211210
945,0,0,0,0,0,1,0,20211107,20211212
6592,1,1,1,1,0,0,1,20211102,20211210
6563,0,0,0,0,0,0,1,20211108,20211122
710,1,1,1,1,1,0,0,20211102,20211211
862,0,0,0,0,0,1,0,20211107,20211212
4954,1,1,1,1,1,0,0,20211102,20211211
1535,0,0,0,0,0,1,1,20211128,20211129
2157,1,1,1,1,1,1,1,20211102,20211212
8448,1,0,0,0,0,0,0,20211102,20211130
8450,0,0,0,0,0,0,1,20211108,20211206
8451,0,0,0,0,1,0,0,20211106,20211211
8453,0,0,0,0,1,0,0,20211106,20211211
5151,0,0,0,1,0,0,0,20211105,20211210
8454,1,1,1,1,1,0,0,20211102,20211211
5150,0,0,0,0,1,0,0,20211106,20211211
8455,0,0,0,0,0,1,0,20211107,20211212
8456,0,0,0,0,0,0,1,20211115,20211122
8457,0,1,1,1,0,0,0,20211104,20211210
8459,1,0,0,0,0,0,0,20211102,20211207
2539,1,1,1,1,1,1,0,20211102,20211212
8460,0,0,0,0,1,0,0,20211106,20211211
8461,0,0,0,0,0,0,1,20211108,20211206
6593,1,0,0,0,0,0,0,20211102,20211207
8462,1,1,1,1,1,1,1,20211102,20211212
4509,1,1,1,1,0,1,0,20211102,20211212
8465,0,0,0,0,0,1,0,20211130,20211212
5230,0,0,0,0,0,1,0,20211107,20211212
8466,0,0,0,0,0,1,0,20211107,20211212
8467,0,0,1,1,1,0,0,20211102,20211211
8468,1,1,0,0,0,0,0,20211103,20211208
6519,1,1,1,1,1,1,1,20211102,20211212
8471,0,0,0,0,0,0,1,20211108,20211206
3107,0,0,0,0,0,1,1,20211107,20211212
2689,0,0,0,0,0,1,0,20211219,20220130
8472,0,0,0,0,0,1,0,20211219,20220130
6583,0,0,0,0,0,1,0,20211226,20220102
8473,0,0,0,0,0,0,1,20211213,20220124
6581,0,0,0,0,1,0,0,20211225,20220101
8474,0,0,0,0,0,1,0,20220123,20220130
8475,0,0,0,0,1,1,0,20211219,20220102
8476,0,0,0,0,0,1,0,20220109,20220116
8477,1,1,1,1,1,0,0,20220104,20220125
8478,1,1,1,1,1,0,0,20211214,20211231
8479,0,1,1,1,1,0,0,20220119,20220129
5149,1,0,0,0,1,0,0,20211214,20220129
2295,0,0,0,0,1,0,0,20211218,20220129
8480,0,0,0,1,0,0,0,20211106,20211210
8481,1,1,1,0,1,0,1,20211102,20211211
490,0,0,0,0,0,1,0,20211128,20211212
8482,1,1,1,1,0,0,0,20211102,20211112
8483,1,1,1,1,0,0,0,20211116,20211210
8485,0,0,0,0,0,1,0,20211205,20211212
8486,0,0,0,0,1,1,0,20211106,20211113
8487,0,0,0,0,1,0,0,20211120,20211211
1769,0,1,1,1,0,0,0,20211103,20211112
1768,1,0,0,0,1,0,0,20211116,20211211
8490,1,0,0,0,1,0,0,20211102,20211113
1777,0,1,1,1,0,0,1,20211117,20211210
5714,1,1,1,1,0,1,1,20211102,20211212
5378,1,1,1,1,1,1,0,20211102,20211212
8492,1,1,1,1,0,1,0,20211102,20211212
8493,0,0,0,0,1,0,1,20211107,20211211
8494,1,1,1,1,0,1,1,20211102,20211212
8495,0,0,0,0,1,0,0,20211106,20211113
8496,0,1,1,1,0,0,0,20211103,20211112
8497,0,1,1,1,0,0,0,20211117,20211210
8499,0,0,0,0,1,0,0,20211120,20211211
8500,0,0,1,0,0,0,0,20211118,20211209
2151,0,0,0,0,0,1,0,20211107,20211212
8501,0,1,1,0,0,0,0,20211105,20211111
8502,1,1,0,1,1,1,1,20211116,20211212
8503,1,0,0,1,1,1,1,20211102,20211115
8504,0,0,1,0,0,0,0,20211105,20211202
8505,1,1,0,1,1,1,1,20211102,20211212
4403,1,1,1,1,1,1,1,20211116,20211212
4401,1,1,1,1,1,1,1,20211102,20211115
8506,0,0,0,1,0,1,0,20211106,20211212
8507,1,1,1,0,1,0,1,20211102,20211211
8508,1,1,1,1,0,1,0,20211102,20211212
8509,0,0,0,0,1,0,1,20211107,20211211
389,1,1,1,1,1,0,0,20211102,20211211
321,1,1,1,1,1,0,0,20211130,20211211
342,1,1,1,1,1,0,0,20211102,20211127
4261,0,0,0,0,0,0,1,20211111,20211206
1861,0,0,0,0,0,1,0,20211107,20211212
8510,1,1,1,1,1,0,0,20211102,20211211
4208,0,0,0,0,0,0,1,20211115,20211206
5057,0,0,0,0,0,1,0,20211114,20211212
248,0,0,0,0,0,0,1,20211108,20211206
573,1,1,1,1,1,0,0,20211102,20211211
5132,1,1,1,1,1,0,0,20211102,20211106
1603,1,1,1,1,1,0,0,20211109,20211211
8512,0,0,0,0,0,1,0,20211121,20211212
8513,0,0,0,0,0,1,0,20211107,20211114
144,1,1,0,0,0,0,0,20211102,20211208
2355,0,0,1,1,1,0,0,20211104,20211211
6501,0,0,0,0,1,0,0,20211120,20211127
6500,1,1,1,1,0,0,0,20211102,20211126
429,1,0,0,0,0,0,0,20211102,20211207
8514,0,0,0,0,0,1,0,20211107,20211114
1660,1,1,1,1,0,0,0,20211102,20211210
6499,0,0,0,0,1,0,0,20211106,20211211
8515,0,0,0,0,0,1,0,20211121,20211212
8516,0,0,0,0,0,1,0,20211121,20211212
8517,0,0,0,0,0,1,0,20211107,20211114
8518,1,1,1,1,1,0,0,20211102,20211211
8519,0,0,0,0,0,0,1,20211108,20211206
8520,0,0,0,0,0,1,0,20211107,20211212
4613,1,1,1,1,1,0,1,20220104,20220129
4611,1,1,1,1,0,0,1,20211213,20220103
8521,0,0,0,0,1,1,0,20211219,20220102
8522,0,0,0,0,0,1,0,20220109,20220130
8523,1,1,1,1,1,0,1,20220104,20220129
8524,1,1,1,1,0,0,1,20211213,20220103
4362,0,0,0,0,0,0,1,20211213,20220124
8525,0,0,0,0,0,1,0,20211226,20220102
3689,1,1,1,1,1,0,0,20220125,20220129
6517,1,1,1,1,1,0,0,20220118,20220122
3105,1,1,1,1,1,0,0,20220104,20220115
3688,1,1,1,1,1,0,0,20220104,20220122
5653,1,1,1,1,1,0,0,20220125,20220129
5274,1,1,1,1,1,0,0,20220104,20220115
5272,1,1,1,1,1,0,0,20220125,20220129
5271,1,1,1,0,0,0,0,20211214,20220103
1759,1,1,1,1,1,0,0,20211214,20220129
8526,0,0,0,0,0,1,0,20220104,20220123
5366,1,1,1,1,1,0,0,20220104,20220122
4479,0,0,0,0,0,0,1,20211213,20220124
2676,0,0,0,0,0,1,0,20211219,20220123
4078,0,0,0,0,0,1,0,20211219,20220123
6506,1,1,1,1,1,0,0,20220125,20220129
4926,1,1,1,1,1,0,0,20220104,20220122
4925,1,1,1,1,1,0,0,20220125,20220129
2420,0,0,0,0,0,1,0,20211219,20220123
6504,1,1,1,1,1,0,0,20220104,20220122
4260,0,0,0,0,0,0,1,20211213,20220124
924,1,1,1,1,0,0,0,20211214,20220128
1434,1,1,1,0,0,0,0,20211221,20211230
5365,1,1,1,1,1,0,0,20220125,20220129
2150,0,0,0,0,0,1,0,20211219,20220102
8527,1,1,1,1,1,0,1,20211214,20220129
8529,0,0,0,0,0,1,0,20220104,20220130
2330,0,0,0,0,0,1,1,20211213,20220130
8531,0,0,0,0,0,0,1,20211213,20220124
196,1,1,1,1,1,0,1,20211102,20211211
8532,0,0,0,0,0,0,1,20211213,20220124
1590,0,0,0,1,0,0,0,20211218,20211231
5891,1,1,1,1,0,0,1,20211213,20220128
8533,0,0,0,0,1,0,0,20211225,20220101
6388,0,0,0,0,0,1,1,20211213,20220130
4413,0,1,1,1,0,0,1,20211213,20220128
1157,1,1,1,1,1,1,0,20211214,20220130
5396,1,1,1,1,1,0,0,20220104,20220129
1268,0,0,0,0,1,0,0,20220104,20220129
1711,0,0,0,0,0,0,1,20211115,20211206
6423,0,0,0,0,1,0,0,20220104,20220129
1271,0,0,0,0,1,0,1,20211213,20220129
8534,0,0,0,0,0,1,0,20220104,20220130
8535,1,1,1,1,1,0,0,20220104,20220129
6477,1,1,1,1,1,1,1,20211214,20220130
900,0,0,0,0,0,0,1,20211213,20220124
2865,1,1,1,1,1,0,1,20211213,20220129
8536,0,1,1,1,1,0,0,20220104,20220129
3515,0,0,0,0,1,1,0,20220104,20220130
8537,1,0,0,0,0,0,0,20211214,20220125
6442,0,0,0,0,0,0,1,20220104,20220124
2131,0,0,0,0,0,1,0,20220104,20220130
724,1,1,1,1,1,0,0,20211214,20220129
1171,1,0,0,0,0,0,0,20211214,20220125
5209,0,0,0,0,0,1,0,20220104,20220130
8538,0,0,0,0,1,0,0,20211225,20220101
8539,0,0,0,0,0,0,1,20211220,20220117
6428,0,1,1,1,1,0,0,20220112,20220129
6430,0,0,0,0,0,1,0,20220116,20220123
6420,1,1,1,1,1,0,0,20211214,20211220
8540,0,0,0,0,1,1,0,20211219,20220109
6416,1,1,1,1,1,1,1,20211102,20211212
8541,0,0,0,0,0,0,1,20211213,20220124
8542,1,1,1,1,1,0,1,20211213,20220129
8543,0,0,0,0,0,1,0,20220104,20220130
8544,0,0,0,0,1,0,0,20211225,20220101
8545,0,0,0,0,0,1,0,20211219,20220102
2318,1,1,1,1,1,0,1,20220104,20220129
2316,0,0,0,0,0,1,0,20220109,20220130
2317,1,1,1,1,0,0,1,20211213,20220103
8546,0,0,0,0,0,0,1,20211213,20220124
8547,0,0,0,0,1,0,0,20220104,20220129
8548,0,0,0,1,0,0,0,20211224,20211231
1789,1,1,1,1,1,0,0,20211214,20220129
5250,0,0,0,0,1,0,0,20220104,20220129
8549,0,0,0,0,1,1,1,20211213,20220130
8550,1,1,1,1,0,0,0,20211214,20220128
8551,0,0,0,0,1,0,0,20220104,20220129
5185,1,1,1,1,0,1,0,20220104,20220130
6228,1,1,1,1,0,0,0,20220104,20220128
8552,1,1,1,1,0,0,0,20211214,20220128
507,1,1,1,1,0,0,0,20211214,20211217
8553,1,1,1,1,0,0,0,20211214,20220128
8554,0,0,0,0,0,1,0,20211219,20220130
8555,0,0,0,0,0,1,0,20220104,20220130
8556,1,1,1,1,1,0,0,20211214,20220129
8557,0,0,0,0,1,1,1,20211213,20220130
8558,0,0,0,0,0,1,0,20220104,20220130
8559,0,0,0,0,0,1,0,20220104,20220130
8560,1,1,1,1,1,0,0,20211214,20220129
8561,0,0,0,0,1,0,0,20220104,20220129
8562,0,0,0,0,0,0,1,20211213,20220124
8563,0,0,0,0,0,0,1,20211213,20220124
8564,0,0,0,0,0,1,0,20220104,20220130
8565,0,0,0,0,0,0,1,20211213,20220124
8566,1,0,0,0,0,0,0,20211214,20220125
8567,0,0,0,0,0,0,1,20211213,20220124
8568,1,1,1,1,0,0,0,20220104,20220128
8569,1,1,1,1,1,0,0,20211214,20220129
8570,0,0,0,0,0,0,1,20211213,20220124
8571,1,1,1,1,1,0,0,20211214,20220129
8572,0,0,0,0,0,0,1,20211213,20220124
8573,0,0,0,0,1,0,0,20220104,20220129
8574,1,1,1,1,0,0,0,20211214,20211230
8575,1,1,1,1,0,0,0,20211214,20220128
8576,1,1,1,1,1,0,0,20211214,20220129
8577,0,1,1,1,1,1,1,20211213,20220130
8578,1,1,1,1,0,0,0,20211214,20220128
2133,1,1,1,1,0,1,0,20211214,20220130
8579,1,1,1,1,1,0,0,20220104,20220129
6319,1,1,1,1,1,1,0,20211214,20220130
8580,0,0,0,0,0,0,1,20211213,20220124
8581,1,1,1,1,1,0,0,20220104,20220129
4054,0,0,0,0,0,0,1,20211220,20220117
6353,0,0,0,0,1,0,0,20220104,20220129
4707,0,0,0,0,1,0,0,20220104,20220129
4172,0,0,0,0,1,1,0,20211219,20220103
4640,0,0,0,0,0,1,1,20211123,20211212
5321,1,1,1,1,1,0,0,20211123,20211211
3841,0,0,0,0,0,0,1,20211115,20211206
65,0,0,0,0,1,0,1,20211106,20211211
8583,1,1,1,1,0,0,1,20211102,20211210
1227,0,0,0,0,0,1,0,20211114,20211212
8584,0,0,0,0,1,0,0,20211106,20211211
5490,1,1,1,1,0,1,0,20211102,20211212
8585,0,0,0,0,0,0,1,20211108,20211206
30,1,1,1,1,0,0,0,20211102,20211210
8586,1,1,1,1,1,1,0,20211102,20211212
6321,1,1,1,1,1,1,0,20211102,20211212
8588,1,1,1,1,0,1,1,20211102,20211212
5389,1,1,1,1,1,1,0,20211102,20211212
6333,1,1,1,1,1,1,0,20211123,20211212
6352,0,0,0,0,1,0,0,20211106,20211204
8589,0,0,0,0,0,0,1,20211108,20211206
4730,0,0,0,0,1,0,1,20211106,20211211
8590,1,1,1,1,0,0,0,20211102,20211210
8591,0,0,0,0,1,0,0,20211106,20211211
8592,1,1,1,1,0,0,0,20211102,20211210
8593,0,0,0,0,1,0,0,20211106,20211211
8594,0,0,0,0,1,0,0,20211106,20211211
4718,1,1,1,1,1,0,0,20211102,20211204
3719,0,0,0,0,0,1,1,20211114,20211212
8595,1,1,1,1,1,0,0,20220104,20220129
5285,1,1,1,1,0,0,0,20211214,20220128
6332,0,0,0,0,0,0,1,20211213,20220103
5542,0,0,0,0,0,0,1,20211213,20220103
5544,0,0,0,0,0,0,1,20220110,20220124
2792,0,0,0,0,1,0,0,20220104,20220129
6316,0,0,0,0,1,0,1,20211213,20220129
8597,0,1,1,1,1,0,0,20220104,20220129
8598,1,0,0,0,0,0,0,20211214,20220125
6328,1,1,1,1,1,1,1,20211102,20211212
8599,0,0,0,0,1,0,0,20211106,20211211
4291,0,0,0,0,1,0,0,20211113,20211211
3860,1,1,1,1,0,0,0,20211102,20211210
66,1,1,1,1,1,0,1,20211102,20211211
8600,1,1,1,1,0,0,0,20211102,20211210
6339,1,1,1,1,1,0,0,20211102,20211211
1684,0,0,0,0,0,0,1,20211123,20211206
2797,0,0,0,0,0,1,0,20211128,20211212
4134,0,0,0,0,0,0,1,20211111,20211122
4133,1,0,0,0,0,0,0,20211116,20211211
1710,0,0,0,0,0,1,0,20211114,20211121
2545,0,0,0,0,0,0,1,20211115,20211122
4136,1,1,0,1,1,0,0,20211109,20211120
6314,1,1,1,1,1,1,1,20211102,20211212
6311,0,0,0,0,0,0,1,20211129,20211206
1528,1,1,1,1,1,0,0,20211109,20211123
3823,0,1,0,0,0,0,0,20211201,20211208
1526,1,1,1,1,1,0,0,20211123,20211211
3935,1,1,1,1,1,1,1,20211109,20211123
6307,0,0,0,0,1,0,0,20211120,20211127
6345,0,0,0,0,0,1,0,20211111,20211212
6148,0,0,0,0,0,1,1,20211108,20211212
8602,0,1,1,1,1,0,0,20211103,20211211
3380,0,0,0,0,0,0,1,20211115,20211129
8603,1,0,0,0,0,0,0,20211102,20211207
8604,0,0,0,0,0,0,1,20211115,20211206
6336,1,1,1,1,1,1,0,20211102,20211212
6348,1,1,1,1,1,0,0,20211102,20211211
2917,0,0,0,0,0,1,0,20211114,20211128
4213,1,1,1,1,1,0,0,20211102,20211211
298,1,1,1,1,1,0,0,20211116,20211120
3737,1,1,1,1,1,1,1,20211102,20211212
601,1,1,1,1,1,1,0,20211214,20220130
6369,1,1,1,1,1,1,0,20211102,20211212
8605,0,0,0,0,0,0,1,20211108,20211206
8606,0,0,0,0,1,0,0,20220104,20220129
8607,0,0,0,0,1,0,0,20211106,20211211
8608,0,0,0,0,0,0,1,20211213,20220124
8609,1,1,1,1,1,1,0,20211214,20220130
6346,1,1,1,1,1,0,1,20211213,20211220
6347,1,1,1,1,1,0,0,20220111,20220129
1989,0,0,0,0,0,1,0,20211226,20220102
8611,1,0,0,0,0,0,0,20211214,20220125
8612,0,0,0,0,0,0,1,20211220,20220117
4979,0,0,0,0,0,0,1,20211220,20220103
8614,0,1,1,1,1,0,0,20220104,20220129
8616,0,0,0,0,1,0,0,20211106,20211113
5995,0,0,0,0,0,0,1,20211108,20211206
6029,0,0,0,0,1,0,1,20211106,20211211
8617,0,0,0,0,1,0,0,20211120,20211211
8618,0,0,0,0,0,0,1,20211122,20211206
8619,0,0,0,0,0,0,1,20211108,20211115
3925,1,1,1,1,0,1,0,20211102,20211212
5907,0,0,0,0,0,0,1,20211108,20211206
1784,1,1,1,1,0,1,1,20211102,20211212
8620,1,1,1,1,0,0,0,20211116,20211210
5998,1,0,0,0,0,1,0,20211116,20211212
8621,1,1,1,1,0,0,0,20211116,20211210
5920,0,0,0,0,0,0,1,20211107,20211115
8622,1,1,1,1,0,0,0,20211102,20211112
8623,1,1,1,1,0,0,0,20211102,20211112
6001,0,1,1,1,0,0,0,20211103,20211210
5999,1,0,0,0,0,1,0,20211102,20211114
1355,1,1,1,1,0,0,0,20211102,20211112
8624,0,0,0,0,1,0,0,20211204,20211211
8625,0,0,0,0,0,0,1,20211108,20211206
2091,1,1,1,1,1,1,0,20211102,20211212
6063,0,0,0,0,1,0,1,20211106,20211211
8626,0,0,0,0,1,0,0,20211120,20211127
8627,0,0,0,0,1,0,0,20211106,20211113
8628,1,1,1,1,0,0,0,20211102,20211210
8629,0,1,1,1,0,0,0,20211103,20211112
8630,1,1,1,1,1,0,1,20211102,20211115
8631,0,0,0,0,1,0,0,20211106,20211211
8632,1,0,0,0,0,0,0,20211102,20211207
8634,0,0,0,0,0,0,1,20211108,20211206
8635,0,0,0,0,0,1,0,20211107,20211212
8636,1,1,1,1,1,0,1,20211116,20211211
8637,0,1,1,1,0,0,0,20211117,20211210
8638,1,0,0,0,1,0,0,20211102,20211113
6285,1,0,0,0,0,1,0,20211102,20211114
6077,1,1,1,1,0,0,0,20211102,20211210
8639,0,0,0,0,0,1,0,20211107,20211212
8640,1,0,0,0,1,0,0,20211116,20211211
8641,0,0,0,0,0,1,0,20211107,20211114
8642,0,1,1,1,1,0,0,20211103,20211211
8643,0,0,0,0,0,1,0,20211121,20211212
8644,1,1,1,1,0,1,1,20211102,20211212
6293,0,0,0,0,1,0,0,20211106,20211211
8645,0,0,0,0,0,0,1,20211108,20211206
8646,0,0,0,0,0,0,1,20211108,20211206
1670,1,0,0,0,0,0,1,20211102,20211207
8647,0,0,0,0,0,1,0,20211107,20211212
8648,1,1,1,1,0,0,0,20211102,20211210
1664,0,1,1,1,0,0,0,20211103,20211210
6185,0,1,1,1,1,1,0,20211103,20211212
8649,0,0,0,0,1,1,1,20211106,20211212
1776,1,1,1,1,1,0,0,20211102,20211211
8650,1,0,0,0,0,0,0,20211116,20211207
8651,0,1,1,1,1,1,1,20211107,20211212
8652,1,1,1,1,0,0,0,20211102,20211210
8653,1,1,1,1,0,0,0,20211102,20211210
6032,0,0,0,0,1,0,1,20211106,20211115
8654,1,0,0,0,0,0,0,20211116,20211207
2579,1,1,1,1,0,0,1,20211102,20211115
8655,0,0,0,0,0,1,1,20211107,20211115
8656,0,0,0,0,0,1,1,20211121,20211212
8657,1,0,0,0,0,0,0,20211102,20211109
8658,1,1,1,1,0,0,0,20211116,20211210
8659,1,1,1,1,0,0,0,20211102,20211112
8660,0,1,1,1,1,1,1,20211107,20211212
8661,0,1,0,1,1,0,1,20211103,20211115
8662,1,0,0,0,0,0,1,20211116,20211207
8663,1,0,0,0,0,0,0,20211116,20211207
188,0,0,0,0,0,0,1,20211108,20211206
8664,0,0,0,0,0,0,1,20211122,20211206
8665,0,0,0,0,0,0,1,20211108,20211115
8666,1,0,0,0,0,0,1,20211102,20211115
8667,1,0,0,0,0,0,0,20211102,20211109
8668,0,0,0,0,1,0,0,20211106,20211211
8670,1,0,1,1,1,0,0,20211116,20211211
8671,1,0,1,1,1,0,0,20211102,20211113
8672,1,0,0,0,0,0,0,20211102,20211109
8673,1,1,1,1,0,1,0,20211102,20211212
8674,0,1,1,1,0,0,0,20211103,20211112
8675,0,1,1,1,0,0,0,20211117,20211210
8676,0,1,1,1,1,0,0,20211117,20211211
8677,0,0,0,0,1,1,0,20211106,20211114
8678,0,1,1,1,1,0,0,20211103,20211113
8680,0,1,0,0,0,1,1,20211103,20211115
8681,0,1,0,1,1,0,1,20211103,20211115
8682,0,1,0,0,0,1,1,20211117,20211212
8683,0,0,0,0,1,1,0,20211120,20211212
6281,0,0,0,0,1,0,0,20211106,20211113
8684,1,0,1,1,1,0,0,20211116,20211211
8685,1,0,0,0,0,0,0,20211102,20211111
8686,0,1,0,0,0,0,0,20211117,20211208
8687,0,1,1,1,1,0,0,20211103,20211113
8688,0,0,0,0,0,0,1,20211108,20211115
8689,0,0,0,0,0,0,1,20211122,20211206
8690,0,0,0,0,0,1,1,20211121,20211212
8691,0,0,0,0,0,1,1,20211107,20211115
8692,1,1,1,1,0,0,0,20211116,20211210
8693,0,0,0,0,1,1,0,20211106,20211114
8694,1,1,1,1,0,0,0,20211102,20211112
8695,0,0,0,0,1,1,0,20211120,20211212
1138,0,0,0,0,0,0,1,20220110,20220124
1332,0,0,0,0,1,0,1,20211213,20220129
5873,0,0,0,1,0,0,0,20211224,20211231
8696,1,1,1,1,1,0,0,20211214,20220129
8697,0,1,1,1,0,0,0,20220104,20220128
8698,0,0,0,0,0,0,1,20211213,20220124
8699,0,0,0,0,1,0,0,20220104,20220129
8700,1,1,1,1,0,0,0,20211214,20220128
8701,0,0,0,1,1,0,0,20211218,20220101
8702,0,0,0,0,0,1,0,20220109,20220130
8703,0,0,0,0,1,0,0,20220108,20220129
8704,0,0,0,1,0,0,0,20211224,20211231
8705,1,0,0,0,0,1,0,20211214,20220130
8706,0,0,0,0,0,1,0,20211219,20220130
6002,0,0,0,0,1,0,0,20220104,20220129
5921,1,1,1,1,0,1,1,20220104,20220130
8707,1,1,1,1,0,0,0,20211214,20211230
8708,1,1,1,1,0,0,0,20220104,20220128
8709,1,1,1,1,0,0,0,20211214,20220128
8710,0,0,0,0,0,0,1,20211213,20220124
8711,1,1,1,1,0,0,0,20220104,20220128
8712,1,1,1,1,1,0,0,20211214,20220129
8713,0,0,0,0,0,1,0,20220104,20220130
8714,0,1,1,1,0,0,0,20220104,20220128
8715,0,0,0,1,0,0,0,20211218,20211231
8716,0,0,0,0,0,0,1,20211213,20220124
8717,1,1,1,1,1,0,0,20211214,20220129
8718,0,0,0,0,0,0,1,20211213,20220124
8719,0,0,0,0,1,1,1,20211213,20220130
8720,0,0,0,0,1,0,0,20220108,20220129
8721,1,0,0,0,0,0,0,20211214,20220125
8722,1,1,1,1,0,0,0,20211214,20211230
8723,0,0,0,0,1,0,1,20211213,20220129
8724,1,1,1,1,1,0,0,20211214,20220129
8725,0,0,0,0,0,1,0,20220104,20220130
8726,0,0,0,0,0,1,0,20220104,20220130
8727,1,1,1,1,1,0,0,20211214,20220129
8728,1,0,0,0,0,0,0,20211214,20220125
8729,1,1,1,1,1,0,0,20211214,20220129
8730,1,1,1,1,0,0,0,20211214,20220128
8731,0,1,1,1,1,1,1,20211213,20220130
8732,0,0,0,0,0,1,0,20220109,20220130
8733,1,1,1,0,0,0,1,20211213,20220103
8734,0,0,0,0,1,1,0,20211219,20220102
6074,1,1,1,1,0,0,0,20220104,20220128
8735,0,0,0,0,0,0,1,20220110,20220124
8736,1,1,1,1,1,1,1,20211213,20220130
6286,1,0,0,0,0,1,0,20211214,20220130
8737,1,1,1,1,1,0,0,20220104,20220129
8738,1,1,1,1,1,0,0,20211214,20211231
8739,0,0,0,0,0,1,0,20220109,20220130
8740,0,0,0,0,0,1,0,20211219,20220102
8741,0,0,0,0,1,0,0,20211225,20220101
2581,1,1,1,1,1,1,1,20211213,20220103
8742,0,0,0,0,0,1,0,20220109,20220130
8743,1,1,1,1,1,1,1,20211213,20220103
8744,1,1,1,1,1,1,1,20220104,20220130
8745,1,1,1,1,1,0,0,20220104,20220129
8746,1,1,1,1,1,0,0,20220104,20220129
6099,0,0,0,0,0,0,1,20211213,20220103
8747,1,1,1,1,1,1,0,20211214,20220102
683,0,0,0,0,0,1,1,20211213,20220130
6456,1,1,1,1,1,0,0,20211214,20220129
8748,0,0,0,0,0,1,0,20220104,20220130
8749,1,0,0,0,0,0,0,20211214,20220125
8750,0,0,0,0,0,0,1,20211213,20220124
5430,0,0,0,0,1,0,0,20220104,20220129
6119,0,0,0,0,1,0,0,20220104,20220129
8751,0,1,1,1,0,0,0,20220104,20220128
8752,1,1,1,1,1,0,1,20211213,20220129
8753,1,1,1,1,1,0,1,20211213,20220129
2467,1,1,1,1,1,1,1,20211213,20220130
8754,1,1,1,1,0,0,0,20211214,20220128
6258,0,1,1,1,0,0,1,20211213,20220128
8755,0,0,0,0,1,0,0,20220104,20220129
8756,1,0,0,0,1,0,0,20220104,20220129
8757,0,1,1,1,1,1,1,20211213,20220130
8758,1,1,1,1,1,0,0,20211214,20220129
8759,0,0,0,0,0,1,0,20211219,20220130
8760,1,0,0,0,0,0,0,20211214,20220125
8761,0,0,0,0,0,1,0,20220104,20220130
4764,0,0,0,0,0,0,1,20211213,20220124
6223,0,0,0,0,1,0,0,20220104,20220129
8762,1,1,1,1,1,1,0,20211214,20220130
8763,1,0,1,1,1,0,0,20211214,20220129
340,1,1,1,1,1,1,0,20211214,20220130
8764,0,0,0,0,0,0,1,20211213,20220124
8765,0,1,0,0,0,1,1,20211213,20220130
8766,0,0,0,0,0,0,1,20211213,20220124
8767,0,1,1,1,0,0,0,20220104,20220128
5890,1,1,1,1,0,0,1,20211213,20220128
8768,0,1,1,1,1,0,0,20220104,20220129
8769,1,0,0,0,0,0,0,20211214,20220125
8770,0,1,1,1,1,1,0,20211215,20220130
8771,1,0,0,0,0,0,0,20211214,20220125
6273,0,0,0,0,0,0,1,20211213,20220124
6247,0,0,0,0,0,0,1,20211213,20220117
2716,0,0,0,0,0,0,1,20211213,20220124
8772,0,1,1,1,0,0,0,20220104,20220128
6221,1,0,0,0,0,0,0,20211214,20211228
8773,1,0,0,0,1,0,0,20211214,20220129
6171,1,0,0,0,0,0,0,20220104,20220125
4894,0,0,0,0,0,1,1,20220109,20220130
2149,0,0,0,0,1,1,1,20211213,20220103
8774,1,1,1,1,1,0,0,20211214,20220129
8775,1,1,1,0,1,1,0,20211214,20220102
8776,1,1,1,1,0,1,0,20220104,20220130
8777,0,0,0,0,1,0,1,20220108,20220129
8778,0,0,0,1,0,0,1,20211213,20220103
8779,0,0,0,0,0,1,1,20211213,20220130
6100,0,0,0,0,0,1,0,20220109,20220130
8780,1,1,1,1,0,1,0,20211214,20220130
8781,0,1,1,1,1,0,0,20220104,20220129
8782,0,0,0,0,1,0,1,20211213,20220129
8783,1,0,0,0,0,0,0,20211214,20220125
5379,0,0,0,0,0,1,0,20211219,20220130
5381,0,0,0,0,0,0,1,20211213,20220124
8784,1,1,1,1,1,1,0,20211214,20220102
8785,0,1,1,1,1,1,0,20220119,20220130
8786,1,1,1,1,1,1,0,20220104,20220125
8787,0,0,0,0,0,0,1,20220110,20220124
8788,0,0,0,0,0,0,1,20211213,20220103
251,1,1,1,1,1,1,1,20211102,20211212
1946,1,1,1,1,1,1,1,20211213,20220117
6471,0,1,1,1,1,1,1,20220119,20220130
6470,1,0,0,0,0,0,0,20220118,20220125
8789,1,1,1,1,0,0,0,20211221,20211231
8790,0,0,0,0,1,0,0,20211225,20220101
8791,0,0,0,0,1,0,1,20211213,20220129
6473,0,0,0,0,1,0,0,20220104,20220129
451,1,1,1,1,0,0,0,20211214,20220128
8792,0,0,0,0,0,0,1,20211213,20220124
5128,0,0,0,0,0,0,1,20211220,20211227
8793,0,0,0,0,1,1,0,20220122,20220130
8794,1,1,1,1,0,0,0,20220104,20220114
8795,1,1,1,1,0,0,0,20220118,20220128
8796,0,0,0,0,1,1,0,20211218,20220116
2182,1,1,1,1,1,0,0,20211214,20220129
8797,0,0,0,1,0,0,0,20211224,20211231
3857,0,0,0,0,0,0,1,20211213,20220124
8798,0,0,0,0,1,0,0,20220104,20220129
2636,0,0,0,0,0,0,1,20211213,20220124
2652,0,0,0,0,0,0,1,20211213,20220124
8799,0,0,0,0,0,0,1,20220110,20220124
8800,0,0,0,0,0,0,1,20211213,20220103
8801,1,1,1,1,0,0,0,20211214,20211230
8802,1,1,1,1,0,0,0,20220104,20220128
8803,1,0,0,0,0,0,0,20220104,20220125
8804,1,0,0,0,0,0,0,20211214,20211228
8805,0,1,1,1,1,0,0,20220105,20220129
8806,0,1,1,1,0,0,0,20211215,20211231
8807,0,0,0,0,0,0,1,20211213,20220124
8808,0,0,0,0,0,0,1,20211213,20220124
8809,0,0,0,0,0,1,0,20211226,20220102
8810,0,0,0,0,0,1,0,20220104,20220130
8811,0,0,0,0,0,0,1,20211213,20220124
523,1,1,1,1,1,0,0,20211214,20220129
6511,1,1,1,1,1,1,0,20211214,20220130
3895,0,0,0,0,1,1,0,20211219,20220103
8812,0,0,0,0,0,1,1,20211213,20220130
5965,1,1,1,1,1,1,1,20211213,20220130
8813,0,0,0,0,0,1,0,20211226,20220102
1643,0,0,0,0,1,0,0,20220104,20220129
8814,1,1,1,1,1,1,0,20211214,20220130
8816,1,1,1,1,1,1,1,20211213,20220130
8819,1,1,1,1,1,0,0,20211214,20220129
8820,1,1,1,1,1,1,0,20211214,20220130
8821,0,0,0,0,0,1,0,20211219,20220130
8822,1,1,1,1,1,1,1,20211213,20220130
8824,0,0,0,0,0,1,0,20211226,20220102
8825,0,0,0,0,0,0,1,20211213,20220124
8827,1,1,1,1,1,0,1,20211213,20211220
6879,1,1,1,1,0,0,0,20211214,20211224
8828,1,1,1,1,0,0,0,20220111,20220128
8829,0,0,0,0,1,0,0,20220104,20220129
8830,1,0,0,0,0,0,0,20211214,20220125
6853,0,0,0,0,0,0,1,20211220,20220124
5639,0,0,0,0,1,0,0,20220104,20220129
8831,0,0,0,0,1,0,0,20220104,20220129
6857,0,0,0,0,0,1,0,20220104,20220130
8832,0,0,0,0,0,1,1,20211213,20220130
8833,0,0,0,0,0,1,0,20211219,20220130
8834,0,0,0,0,0,1,0,20211226,20220102
8835,0,0,0,0,0,1,1,20211213,20220130
6871,0,0,0,0,0,1,0,20220104,20220130
8836,0,0,0,0,0,1,0,20211219,20220130
8837,0,0,0,0,0,1,1,20220104,20220130
2972,0,0,0,0,0,1,0,20211219,20220102
8838,0,0,0,1,1,0,0,20211228,20220129
8839,0,0,0,0,1,0,0,20220104,20220129
8840,0,0,0,0,0,1,0,20220109,20220130
8841,0,0,0,0,0,1,1,20211213,20220130
8842,0,0,0,0,0,1,1,20211213,20220130
8843,0,0,0,0,0,0,1,20211213,20220124
8844,0,0,0,0,0,1,1,20211213,20220130
8845,0,0,0,0,0,1,1,20211213,20220130
8846,0,0,0,0,0,1,0,20211219,20220130
8847,0,0,0,0,0,1,1,20211219,20220130
2648,0,0,0,0,0,1,1,20211114,20211122
8848,0,0,0,0,0,1,1,20211213,20220124
3671,0,0,0,0,0,0,1,20211123,20211206
1527,1,1,1,1,1,0,0,20211214,20220129
8849,0,0,0,0,0,1,1,20211213,20220124
3982,1,1,1,1,1,0,0,20211214,20220129
8851,0,0,0,0,1,1,1,20211213,20220129
7849,0,0,0,0,0,1,1,20211111,20211122
7846,1,1,1,1,1,0,0,20211116,20211211
7844,0,0,0,0,0,1,1,20211123,20211212
663,1,1,0,1,1,0,0,20211109,20211113
7780,1,1,1,1,1,0,0,20211214,20220129
7782,1,0,0,0,0,0,0,20211116,20211123
3976,0,0,0,0,0,1,1,20211128,20211212
1658,1,1,1,1,0,0,0,20211109,20211112
3462,1,1,1,1,0,0,0,20211102,20211105
5661,0,0,0,0,0,1,1,20211123,20211212
8852,0,0,0,0,0,1,1,20211213,20220124
7449,0,0,0,0,0,1,1,20211123,20211212
2798,0,0,0,0,1,1,0,20211219,20220103
8854,0,0,0,0,0,1,1,20211213,20220124
8855,0,0,0,0,0,1,1,20211213,20220124
8857,1,1,1,1,1,0,0,20211214,20211220
8858,0,0,0,1,1,1,1,20211218,20220103
8859,1,1,1,1,1,1,1,20211213,20220129
8860,0,0,0,0,0,0,1,20211213,20220124
8861,0,0,0,0,1,1,1,20211221,20220103
8862,1,1,1,1,1,0,0,20211214,20220129
8863,1,1,1,1,1,0,1,20211213,20220129
8864,1,1,1,1,1,1,1,20211102,20211212
8865,0,0,1,1,0,0,0,20211104,20211105
6135,1,1,1,1,1,1,1,20211102,20211212
1,1,1,1,1,1,1,1,20211102,20211211
409,0,0,0,0,1,1,0,20211106,20211212
6792,1,1,1,1,1,1,0,20211102,20211212
8866,0,0,0,0,1,0,0,20211106,20211211
1749,0,1,1,0,0,0,0,20211103,20211104
8868,1,1,1,1,1,1,1,20211102,20211212
1751,1,1,1,1,1,1,1,20211102,20211212
8869,0,0,0,0,0,0,1,20211213,20220124
8870,0,0,0,0,0,1,0,20211219,20220130
8871,0,0,0,0,1,0,0,20220104,20220129
1191,0,0,0,0,0,1,0,20211219,20220130
1870,0,0,0,0,0,1,0,20211225,20220130
8872,0,0,0,0,0,1,1,20211213,20220130
1869,0,0,0,0,0,1,0,20211219,20220102
8874,0,1,1,1,1,0,0,20211117,20211127
5702,0,0,1,0,0,1,1,20211111,20211115
5699,1,1,1,1,1,1,1,20211102,20211212
6803,1,1,1,1,1,1,0,20211102,20211114
2514,0,1,1,1,1,0,0,20211103,20211211
6676,1,1,1,1,1,1,1,20211102,20211212
6678,0,0,1,0,0,1,1,20211111,20211115
8875,1,1,1,1,0,0,0,20211102,20211210
2524,0,0,0,0,0,1,1,20211107,20211212
7502,1,1,1,1,1,1,1,20211102,20211115
5225,1,1,1,1,1,0,1,20211102,20211115
8878,1,1,1,1,1,1,1,20211102,20211115
8879,0,0,1,1,0,0,0,20211104,20211105
2256,1,0,0,0,0,0,0,20211102,20211207
2257,0,1,0,0,0,0,0,20211201,20211210
6644,0,0,0,0,0,1,1,20211107,20211115
2254,0,1,0,0,0,0,0,20211103,20211113
5239,1,1,1,1,0,0,0,20211102,20211210
7680,0,0,0,0,0,1,1,20211107,20211212
6832,0,0,0,0,0,1,0,20211107,20211114
8881,1,1,1,1,1,0,0,20211102,20211211
7513,1,1,1,0,1,0,0,20220111,20220122
8882,1,1,1,0,1,0,0,20220125,20220129
8883,1,1,1,1,1,1,1,20211213,20220129
363,0,0,0,0,0,1,0,20211107,20211212
6399,1,1,1,1,1,0,0,20211123,20211211
830,1,1,1,1,1,0,0,20211116,20211126
6382,0,0,0,0,0,0,1,20211108,20211206
8885,1,1,1,1,1,1,1,20211213,20220124
8886,1,1,1,1,1,1,1,20211214,20220130
8887,0,1,1,1,1,1,1,20211215,20220130
7055,0,1,1,1,0,0,0,20220104,20220128
8888,1,0,0,0,0,0,0,20211221,20220125
8889,0,0,0,0,1,1,1,20220104,20220130
8890,1,1,1,1,1,0,0,20220104,20220129
8891,0,0,0,0,1,1,0,20220104,20220130
8892,0,0,0,0,0,1,1,20220104,20220130
8893,1,1,1,1,0,0,1,20211213,20220128
8894,1,1,1,1,1,1,1,20211214,20220130
479,0,0,0,0,0,1,0,20211107,20211212
84,0,1,1,1,1,0,0,20211103,20211211
5325,1,1,1,1,0,0,0,20211102,20211119
12,1,0,0,0,0,0,0,20211102,20211207
4844,0,0,0,0,1,0,1,20211106,20211211
6773,1,1,1,1,0,1,0,20211102,20211212
6048,0,1,1,1,0,1,0,20211103,20211212
2844,1,1,1,1,0,1,0,20211102,20211212
6733,1,1,1,1,0,1,0,20211102,20211212
6737,0,0,0,0,1,0,1,20211108,20211211
5329,0,0,0,0,1,0,0,20211106,20211120
6724,0,0,0,0,1,0,1,20211106,20211211
5178,1,1,1,1,0,1,0,20211102,20211212
4373,1,1,1,1,1,1,0,20211102,20211212
126,1,1,1,1,1,0,0,20211102,20211211
4847,1,1,1,1,0,1,0,20211102,20211212
259,1,1,1,1,0,0,0,20211102,20211210
3359,1,1,1,1,1,0,1,20211104,20211211
3223,0,1,1,0,0,0,0,20211103,20211104
6762,1,1,1,1,1,0,0,20211102,20211211
6707,0,0,0,0,0,1,1,20211107,20211212
1331,0,0,0,0,1,0,1,20211106,20211211
3220,0,1,1,1,1,0,0,20211105,20211120
215,1,1,0,0,0,0,0,20211102,20211103
6602,1,0,0,0,0,0,1,20211102,20211122
8898,1,1,1,1,0,1,0,20211102,20211212
8899,0,0,0,0,1,0,0,20220104,20220129
8900,0,0,0,0,0,0,1,20211213,20220124
8901,0,0,0,0,0,1,0,20211219,20220130
8902,0,0,0,0,0,0,1,20211213,20220124
8903,0,0,0,0,0,1,0,20211219,20220130
6776,0,0,0,0,0,0,1,20211213,20220124
8904,0,0,0,0,0,1,0,20211219,20220130
8905,0,0,0,0,0,1,1,20211213,20220130
59,0,0,0,1,1,0,0,20211105,20211211
2023,0,0,0,0,1,1,1,20211106,20211212
3,1,1,1,1,1,0,1,20211102,20211211
2022,1,1,1,1,0,0,0,20211102,20211210
8906,1,1,1,1,1,0,1,20211102,20211211
839,1,1,1,1,1,1,0,20211102,20211212
8908,1,1,1,1,1,1,0,20211102,20211212
2101,1,1,1,1,1,1,1,20211213,20220129
2992,1,1,1,1,1,1,1,20211214,20220129
6794,1,1,1,0,1,1,0,20211214,20220129
6699,1,0,0,0,1,1,1,20211213,20220129
6880,1,1,1,1,1,1,1,20211213,20220129
3818,0,0,0,0,1,1,0,20220104,20220129
7756,1,1,1,1,1,1,1,20211213,20220129
6322,1,1,1,1,1,1,1,20211213,20220129
6634,1,1,1,1,1,0,1,20211213,20220129
8910,1,0,0,0,1,1,1,20211214,20220129
1748,0,1,1,1,1,1,1,20211215,20220129
6703,0,0,0,0,0,1,1,20220104,20220124
6786,1,1,1,1,1,1,1,20211214,20220129
2325,0,0,0,0,0,1,1,20211213,20220130
6692,0,0,0,0,0,1,1,20211107,20211212
4742,0,0,0,0,0,1,1,20211116,20211212
1182,1,1,1,1,1,0,0,20211130,20211204
6796,1,1,1,1,1,1,0,20211102,20211212
752,1,1,1,1,1,1,1,20211213,20220130
4871,1,1,1,1,1,0,0,20211102,20211211
762,1,1,1,1,1,1,1,20211213,20220130
8911,1,1,1,1,1,1,1,20211102,20211212
2963,1,1,1,1,1,1,1,20211213,20220130
700,1,1,1,1,1,1,1,20211102,20211212
8913,1,1,1,1,0,1,0,20211102,20211212
5514,1,1,1,1,0,0,0,20211102,20211210
97,1,0,0,1,1,0,0,20211102,20211211
6624,1,1,1,1,0,0,1,20211102,20211210
63,0,0,0,1,1,0,1,20211105,20211211
5512,0,0,0,0,1,0,0,20211106,20211211
5011,1,1,0,0,0,0,0,20211102,20211208
5009,0,0,1,1,1,0,0,20211104,20211211
383,0,0,0,0,0,0,1,20211108,20211206
5192,0,0,1,1,1,1,1,20211104,20211212
3643,0,1,1,1,1,0,0,20211103,20211211
3642,1,0,0,0,0,0,0,20211102,20211207
4886,0,1,0,0,1,0,0,20211106,20211211
7823,1,1,1,1,1,0,0,20211102,20211211
1916,1,1,1,1,1,1,1,20211213,20220130
8916,1,1,1,1,0,0,0,20211102,20211203
6584,0,0,0,0,1,1,1,20211106,20211212
6587,1,1,1,0,0,0,0,20211130,20211210
3861,0,0,0,0,1,1,1,20211106,20211212
6568,1,1,1,1,1,1,1,20211102,20211212
1357,1,1,1,1,1,1,0,20211102,20211113
269,0,0,0,0,0,1,1,20211205,20211212
2005,0,1,1,1,1,1,0,20211103,20211212
8917,1,1,1,1,1,0,0,20220105,20220115
6409,1,1,1,1,1,1,1,20211102,20211211
8920,1,1,1,1,1,1,0,20211214,20220128
8921,0,0,0,0,0,0,1,20211213,20220124
8922,1,1,1,1,1,0,0,20211214,20220129
8923,0,0,0,0,0,0,1,20220104,20220124
8924,0,0,0,0,0,1,0,20211219,20220123
8925,0,0,0,0,0,0,1,20211228,20220117
8927,1,1,1,1,0,0,0,20211214,20220110
8929,0,0,0,0,0,0,1,20211225,20220103
8930,1,1,1,1,1,0,0,20220105,20220129
8931,0,0,0,0,1,1,0,20211218,20220123
8932,0,0,0,0,0,0,1,20211213,20220124
8934,0,0,0,0,0,1,0,20211219,20220123
8935,1,0,0,0,0,0,0,20211214,20220125
8936,0,0,0,0,0,0,1,20220104,20220124
4317,0,0,0,0,1,1,1,20211106,20211211
2633,1,1,1,1,1,1,1,20211102,20211212
7509,0,0,0,0,0,1,1,20211107,20211212
7512,1,1,1,1,1,0,0,20211109,20211119
243,1,1,1,1,1,0,0,20211123,20211211
1563,1,1,1,1,1,0,0,20211102,20211106
7507,1,0,1,0,1,0,0,20211116,20211120
835,1,1,1,1,1,0,0,20211102,20211106
5846,0,0,0,0,0,1,0,20211123,20211212
5842,0,0,0,0,0,0,1,20211123,20211206
4794,1,1,1,1,1,1,1,20211125,20211212
4799,1,1,1,1,1,1,1,20211102,20211124
359,0,0,0,0,0,1,0,20211107,20211212
1805,1,1,1,1,1,0,1,20211102,20211211
8937,0,0,0,0,0,1,0,20211107,20211212
6380,1,0,0,0,0,0,1,20211102,20211207
4288,0,0,0,0,0,0,1,20211108,20211206
6343,0,0,0,1,0,0,0,20211224,20211231
6338,0,0,0,0,0,1,0,20220104,20220130
6337,1,1,1,1,1,0,0,20211214,20220129
1392,0,1,0,0,0,0,0,20211103,20211110
8938,1,1,1,1,1,1,0,20211214,20220130
8939,0,0,0,0,0,1,1,20211107,20211115
2574,0,0,0,0,1,1,0,20211106,20211114
3953,1,1,1,1,1,1,1,20211213,20220130
8940,0,0,0,0,0,1,1,20211213,20220130
8942,1,1,1,1,1,1,0,20211214,20220130
8943,1,1,1,1,1,1,0,20211214,20220130
647,1,1,1,1,1,0,0,20211214,20220129
8944,0,0,0,0,0,0,1,20211213,20220124
6166,0,0,0,0,1,1,0,20211120,20211212
6065,0,0,0,0,0,0,1,20211213,20220124
8946,1,1,1,1,1,0,1,20211213,20220129
6284,1,1,1,1,1,1,1,20211213,20220130
8947,1,1,1,1,1,1,0,20211214,20220130
8948,0,0,0,1,0,0,0,20211224,20211231
8949,0,0,0,0,0,1,0,20211226,20211228
8950,0,0,0,0,0,0,1,20211213,20220124
8951,0,0,0,0,0,0,1,20211213,20220124
8953,1,0,0,0,0,1,0,20211228,20220102
8954,0,0,0,0,0,1,0,20211226,20220102
8955,1,1,1,1,1,1,0,20211214,20220130
8956,1,1,1,1,1,0,0,20211214,20220129
8957,1,1,1,1,1,1,0,20211214,20220130
8958,1,0,0,0,0,1,0,20211226,20220102
8959,0,0,0,0,0,1,0,20211219,20220130
8960,1,1,1,1,1,1,1,20211213,20220130
8962,1,1,1,1,1,1,0,20211214,20220130
8963,1,1,1,1,1,0,1,20211213,20220129
8964,0,0,0,0,0,1,0,20211219,20220123
5454,1,1,1,1,1,0,0,20211214,20220129
8965,1,1,1,1,1,0,0,20211102,20211211
4210,0,0,0,0,0,1,0,20220104,20220117
8967,0,0,0,0,0,1,1,20220104,20220130
8968,0,0,0,0,0,1,0,20211219,20220130
8969,0,0,0,0,0,1,1,20211213,20220130
4668,0,0,0,0,0,1,0,20211219,20220130
8970,1,1,1,1,1,1,0,20211214,20220130
1516,1,1,1,1,1,0,0,20211214,20220129
4206,0,0,0,0,1,1,1,20211219,20220103
5343,1,1,1,1,1,0,0,20211116,20211211
8971,1,1,1,1,1,1,1,20211213,20220129
5340,0,0,0,0,0,1,1,20211116,20211212
6836,1,1,1,1,0,0,0,20211123,20211210
5326,0,0,0,0,0,1,0,20220104,20220130
4846,1,1,1,1,1,1,1,20211213,20220130
6835,0,0,0,0,1,0,1,20211123,20211211
6613,1,1,1,1,1,1,0,20211214,20220130
8973,1,1,1,1,0,1,0,20211102,20211212
6603,1,1,1,1,1,1,1,20220111,20220130
2619,1,1,1,1,1,1,0,20220111,20220130
6601,1,1,1,1,1,1,1,20211213,20220110
6761,1,1,1,1,1,1,0,20211214,20220109
6800,1,1,1,1,1,1,1,20211213,20220130
5568,0,0,0,0,0,1,1,20211213,20220130
4321,1,1,1,1,1,1,1,20211213,20220130
4684,1,1,1,1,1,1,1,20211102,20211212
3304,0,0,0,0,0,0,1,20211213,20220124
8001,0,0,0,0,0,1,0,20220104,20220130
8000,0,0,0,1,0,0,0,20211218,20211231
8005,1,1,1,1,1,0,0,20220104,20220129
6562,1,1,1,1,1,0,0,20211214,20220129
4934,1,1,1,1,1,1,1,20220118,20220130
3121,1,1,1,1,1,1,1,20211213,20220130
2461,0,0,0,0,0,1,0,20211219,20220123
2061,1,1,1,1,1,1,1,20211214,20220130
6126,1,1,1,1,1,1,1,20211102,20211211
82,0,0,0,0,1,1,1,20211106,20211211
1196,1,1,1,1,1,0,0,20211214,20220129
5058,0,0,0,1,1,1,1,20211217,20220130
2060,0,0,0,0,0,1,1,20211213,20220130
7716,0,0,0,0,0,1,0,20211107,20211205
7053,0,0,0,0,1,1,1,20220104,20220130
234,1,1,1,1,1,0,0,20211102,20211113
6694,1,1,1,1,1,0,1,20211214,20220129
3636,0,0,0,0,0,1,0,20220109,20220130
4326,0,0,0,0,0,0,1,20211220,20220124
5425,0,0,0,0,0,1,0,20220104,20220130
3602,1,1,1,1,1,0,1,20211213,20220129
4535,0,0,0,0,0,0,1,20211213,20220124
5297,0,0,0,0,0,0,1,20211213,20220124
4443,1,0,0,0,0,0,1,20211213,20220125
7959,0,0,0,0,1,0,0,20220104,20220129
3663,0,0,0,0,0,1,0,20211114,20211212
4444,1,1,1,1,0,0,1,20211109,20211210
4446,1,1,1,1,0,0,1,20211102,20211108
2026,1,0,0,0,0,0,0,20211214,20220125
6711,1,0,0,0,0,1,1,20211213,20220130
2458,1,1,1,1,1,0,0,20211214,20220129
6704,1,1,1,1,1,0,1,20211102,20211108
2737,0,0,0,0,1,0,0,20211113,20211211
6620,1,1,1,1,1,0,1,20211109,20211211
195,1,1,1,1,1,0,0,20211102,20211106
2137,0,0,0,0,0,1,0,20211130,20211212
176,1,1,1,1,1,0,0,20211109,20211211
6767,0,0,0,0,1,0,0,20211127,20211211
6622,1,1,1,1,0,0,1,20211102,20211108
6765,0,0,0,0,0,0,1,20211111,20211206
6831,1,1,1,1,1,0,1,20211102,20211108
6716,1,1,1,1,1,0,1,20211102,20211211
6038,0,0,0,0,1,1,0,20211113,20211212
6037,0,0,0,0,1,1,0,20211106,20211107
6766,0,0,0,0,0,1,0,20211107,20211212
1659,1,1,1,1,0,0,0,20211102,20211105
7850,1,1,1,1,0,0,0,20211109,20211210
2122,0,0,0,0,0,1,1,20211114,20211212
6709,0,0,0,0,0,1,1,20211107,20211108
3600,0,0,0,0,0,0,1,20211108,20211129
2559,1,1,1,1,1,0,0,20211109,20211113
3043,0,0,0,0,0,1,1,20211107,20211212
6673,0,0,0,0,0,1,1,20211107,20211212
6619,1,1,1,1,1,1,0,20211102,20211212
6668,1,0,0,1,1,0,0,20211102,20211106
1543,0,0,0,0,1,1,1,20211106,20211212
5869,1,1,1,1,1,0,1,20211214,20220129
6754,0,0,0,0,0,0,1,20211220,20220124
1860,1,1,1,1,1,1,1,20211214,20220130
2730,1,0,0,0,1,0,1,20211214,20220129
3910,1,1,1,1,1,1,0,20211214,20220130
4711,0,0,0,0,0,0,1,20211220,20220124
2389,1,1,1,1,1,1,1,20211215,20220130
6757,1,0,0,0,0,0,0,20211214,20220125
4116,0,0,0,0,1,1,1,20220104,20220130
6807,1,1,1,1,1,1,0,20211214,20220130
6845,1,1,1,1,1,1,1,20211214,20220130
6870,0,0,0,0,0,0,1,20211108,20211129
7936,1,1,1,1,1,1,1,20211214,20220130
4501,1,0,0,0,0,0,1,20211214,20220125
6771,1,0,0,0,1,1,1,20211214,20220130
6632,0,0,0,0,0,0,1,20211220,20220124
2731,1,1,1,1,0,0,0,20211102,20211112
4124,1,1,1,1,1,1,1,20211104,20211211
3912,1,1,1,1,1,1,0,20211102,20211114
4710,0,0,0,0,0,0,1,20211108,20211115
4118,0,0,0,0,0,0,1,20211108,20211129
3814,0,0,0,0,1,1,0,20211106,20211114
4117,0,0,0,0,1,1,1,20211120,20211211
3975,1,1,0,0,0,0,0,20211102,20211103
2383,1,1,0,0,0,0,0,20211102,20211103
5870,1,1,1,1,1,0,1,20211102,20211115
6756,1,1,1,1,1,0,1,20211102,20211115
2386,1,1,1,1,1,1,1,20211104,20211115
5123,1,1,1,1,1,0,1,20211102,20211115
6806,1,1,1,1,1,1,0,20211102,20211114
1159,1,1,1,1,1,1,1,20211102,20211115
4503,1,1,1,1,0,0,1,20211102,20211115
6775,1,0,0,0,1,1,1,20211116,20211211
6774,1,0,0,0,1,1,1,20211102,20211115
6457,1,1,1,1,1,0,1,20211102,20211211
713,1,1,1,1,1,1,1,20211102,20211212
5771,1,1,1,1,1,1,1,20211102,20211115
6497,1,1,1,1,1,1,1,20211116,20211212
1090,0,0,0,0,0,1,1,20211107,20211114
6498,1,1,1,1,1,1,1,20211102,20211115
7557,1,1,1,0,0,0,0,20211102,20211104
7556,1,1,0,1,1,0,0,20211105,20211113
1949,1,0,1,1,0,1,1,20211102,20211115
1943,0,1,0,0,0,0,0,20211103,20211110
5667,1,1,1,1,0,1,1,20211116,20211212
4153,1,0,1,1,1,1,1,20211116,20211212
4154,1,0,1,1,1,1,1,20211102,20211115
4151,0,1,0,0,0,0,0,20211117,20211208
4152,0,1,0,0,0,0,0,20211103,20211110
7872,1,0,0,0,0,0,0,20211102,20211207
6565,0,0,0,0,1,1,1,20211106,20211212
5517,1,0,0,0,0,1,1,20211102,20211212
6023,0,1,1,1,0,0,1,20211103,20211210
258,0,0,0,0,0,1,1,20211107,20211212
3806,0,1,1,1,1,1,1,20211103,20211212
6564,0,0,0,0,1,1,1,20211213,20220130
3412,1,1,1,1,1,1,0,20220104,20220116
5469,0,0,0,0,1,1,1,20220104,20220130
3413,1,1,1,1,1,1,0,20220118,20220130
6992,0,0,0,0,1,0,1,20211228,20220117
7092,1,0,0,0,0,0,0,20220118,20220125
6520,1,1,1,1,1,0,0,20220104,20220115
6991,0,0,0,0,1,0,1,20220122,20220129
6529,1,1,1,1,1,0,1,20220104,20220117
6530,1,1,1,1,1,0,1,20220118,20220129
6540,1,1,1,1,1,0,0,20211214,20220129
3325,0,0,0,0,0,0,1,20211213,20220124
6508,1,0,0,0,1,0,0,20211221,20220101
2536,1,1,1,1,1,0,1,20211213,20220129
7871,1,0,0,0,0,0,0,20220104,20220111
6507,0,0,0,0,1,0,1,20211228,20220129
6527,1,1,1,1,1,1,0,20211214,20220130
6541,0,0,0,0,0,1,0,20211219,20220130
593,0,0,0,0,0,1,0,20211219,20220116
3106,1,1,1,1,1,0,0,20220118,20220129
6532,1,1,1,1,1,1,1,20220104,20220117
4247,0,0,0,0,0,1,0,20220123,20220130
6539,0,1,1,1,0,0,1,20211213,20220128
2460,1,1,1,1,1,0,1,20211213,20220129
3967,0,0,0,0,1,1,0,20220104,20220130
5153,0,0,0,0,1,0,1,20220104,20220129
4878,1,0,0,0,0,0,0,20211214,20220125
5854,1,0,0,0,0,0,0,20211214,20220125
6577,1,0,0,0,0,0,0,20220104,20220125
624,1,1,1,1,1,1,0,20211214,20220130
5520,1,0,0,0,0,1,1,20211213,20220130
3000,0,1,1,1,1,0,0,20220104,20220129
4645,1,1,1,1,1,1,1,20211213,20220130
3807,0,1,1,1,1,1,1,20211213,20220130
6615,1,1,0,1,0,0,0,20211214,20220128
6827,1,1,1,1,0,0,1,20211213,20220128
1322,0,0,0,0,0,1,0,20220104,20220130
6828,0,0,0,0,1,0,0,20220104,20220129
3040,0,1,1,1,1,0,0,20211215,20220122
6621,1,1,1,1,1,1,0,20211214,20220116
6677,0,0,0,0,0,1,1,20211213,20220130
6671,1,1,1,1,1,0,0,20211214,20220129
1544,0,0,0,0,1,1,1,20211213,20220130
3038,0,1,1,1,1,0,0,20220126,20220129
3039,1,0,0,0,0,1,1,20211213,20220130
5241,1,1,1,1,0,1,0,20220104,20220130
6237,0,0,0,1,1,1,1,20211213,20220103
1733,0,0,0,0,0,1,1,20211213,20220103
5530,1,1,1,1,1,0,0,20211214,20220101
1730,0,0,0,0,0,1,1,20220109,20220130
6840,0,0,0,0,1,1,1,20220108,20220130
402,0,1,1,1,1,0,0,20220104,20220129
4275,1,0,0,0,0,1,0,20211214,20220130
6051,0,1,1,1,1,1,1,20211213,20220130
5814,0,0,0,0,1,0,1,20211213,20220129
4695,1,0,0,0,1,0,0,20211214,20220129
6725,1,0,0,0,1,1,1,20211213,20220130
5876,0,0,0,0,1,0,0,20220104,20220129
6689,1,1,1,1,0,0,0,20211214,20220128
5874,0,0,0,0,0,0,1,20211213,20211220
6778,0,0,0,0,0,0,1,20211213,20220124
6637,0,1,1,1,0,0,0,20211215,20220128
6641,1,0,0,0,1,1,0,20211214,20220130
2113,1,1,1,1,1,1,1,20211213,20220130
6474,0,0,0,0,1,0,1,20211213,20220129
2846,1,1,1,1,1,1,1,20211213,20220130
2244,1,0,0,0,1,1,1,20211213,20220130
6791,0,0,0,0,1,0,0,20220104,20220129
6706,0,0,0,0,0,1,1,20211213,20220130
2785,0,0,0,0,1,1,0,20220104,20220130
5295,0,0,0,0,1,0,0,20220104,20220129
1362,1,1,1,1,1,0,0,20211214,20220129
3585,1,0,0,0,1,1,1,20211213,20220130
3218,1,0,0,0,0,1,0,20220111,20220130
3221,1,0,0,0,1,1,0,20211214,20220109
2012,1,1,1,1,1,1,1,20211213,20220130
4809,1,0,1,0,1,0,1,20211102,20211212
4807,0,1,0,1,0,1,0,20211105,20211210
6718,1,1,1,1,1,1,1,20211102,20211212
49,1,1,1,1,0,0,1,20211102,20211210
5485,0,0,0,0,0,1,0,20211114,20211205
6556,0,1,1,1,0,1,0,20220104,20220130
6636,0,0,0,0,0,0,1,20211213,20220124
6555,1,0,0,0,1,0,1,20211213,20220129
4885,0,1,0,0,1,0,0,20220104,20220129
7114,0,0,0,0,0,0,1,20211213,20220124
1233,0,0,0,0,0,1,1,20211107,20211108
307,0,0,0,0,0,1,1,20211108,20211212
6466,1,1,1,1,1,1,1,20211102,20211212
6469,1,1,1,1,1,1,1,20211102,20211212
6455,1,1,1,1,1,1,0,20211102,20211212
6478,0,0,0,0,1,1,0,20211106,20211107
5506,1,1,1,1,1,1,1,20211102,20211211
6476,1,1,1,1,1,1,1,20211102,20211212
5038,0,1,1,1,0,0,0,20220105,20220128
4226,1,1,1,1,1,0,0,20211102,20211113
6811,1,0,0,0,1,1,1,20211213,20220103
6809,1,0,0,0,0,1,1,20220104,20220130
7008,0,1,1,1,1,0,0,20211104,20211211
7001,0,0,0,0,0,1,1,20211107,20211206
5078,0,0,0,0,0,1,0,20211107,20211205
6721,0,0,0,0,0,0,1,20211213,20220124
6631,1,0,0,1,1,0,0,20211214,20220129
6628,0,0,0,0,1,0,1,20211213,20220129
5193,0,0,1,1,1,0,1,20211213,20220129
6873,0,0,0,0,0,1,0,20220109,20220130
2969,0,0,0,0,0,1,0,20220109,20220130
2009,1,1,1,1,1,1,1,20211102,20211212
2712,0,1,1,0,0,0,0,20211103,20211209
2947,1,1,1,1,1,1,1,20211102,20211212
6465,1,1,1,1,1,1,1,20211102,20211212
790,1,1,1,1,1,1,1,20211102,20211212
2713,0,0,0,0,1,1,1,20211106,20211211
6458,1,0,0,0,0,1,1,20211102,20211212
6459,0,0,1,1,0,0,0,20211104,20211210
6661,1,0,0,0,0,0,0,20211214,20220125
6741,1,1,1,1,1,1,1,20211213,20220130
6797,1,1,1,1,1,0,1,20211213,20220129
4381,1,1,1,1,1,1,0,20211214,20220130
3356,0,0,0,1,0,0,0,20220104,20220128
3357,0,0,0,0,1,1,1,20211213,20220130
5640,1,1,1,1,0,1,0,20211214,20220130
3331,1,1,1,1,1,0,1,20211213,20220129
6679,1,1,1,1,1,1,1,20211213,20220130
6866,0,0,0,0,0,1,1,20211213,20220130
6848,1,0,0,0,1,1,1,20211213,20220130
6802,0,0,0,1,1,0,1,20211213,20220129
1199,1,1,1,1,1,1,1,20211102,20211212
6594,1,0,0,0,0,1,0,20211214,20220130
5824,1,1,1,1,1,1,1,20211213,20220129
6645,1,1,1,1,1,1,1,20211214,20220129
6823,1,1,1,1,1,0,1,20211214,20220129
6819,0,0,0,0,0,0,1,20211213,20220124
6816,0,0,0,0,1,1,0,20220104,20220130
6805,1,1,1,1,1,1,0,20211214,20220130
4740,1,1,1,1,1,0,0,20211116,20211127
6164,1,1,1,1,1,0,0,20211214,20211231
5370,1,1,1,1,1,1,1,20211213,20220130
5596,0,1,1,1,1,1,1,20211213,20220130
5603,1,0,0,0,0,0,0,20211214,20220125
6598,1,0,0,0,0,0,0,20211214,20220111
6599,0,1,1,1,0,1,0,20211215,20220116
6595,1,0,0,0,0,0,0,20220118,20220125
6596,0,1,1,1,1,1,0,20220119,20220130
3859,1,1,1,1,0,0,0,20220104,20220128
3537,0,0,0,0,1,1,1,20211213,20220130
3864,0,0,0,0,1,1,1,20211213,20220130
1762,0,0,0,0,0,0,1,20211213,20220117
6571,0,0,0,0,0,1,1,20220104,20220117
5712,0,0,0,0,0,1,0,20220109,20220130
5717,1,1,1,1,1,0,1,20220104,20220129
4400,1,1,1,1,1,1,1,20220118,20220130
4402,1,1,1,1,1,1,1,20220104,20220117
6569,1,1,1,1,1,0,0,20220118,20220129
6570,0,0,0,0,0,1,1,20220123,20220130
2767,0,0,0,0,0,0,1,20211220,20211227
1778,1,0,0,0,1,0,0,20220104,20220115
1760,0,0,0,0,0,1,0,20220104,20220130
1780,1,0,0,0,1,0,0,20220118,20220129
1781,0,1,1,1,0,0,0,20211215,20220128
1764,1,0,0,0,0,0,0,20211221,20211228
6533,1,1,1,1,0,1,1,20220104,20220130
6534,1,1,1,1,1,1,1,20211213,20220103
3948,0,0,0,0,0,1,1,20220104,20220130
3949,1,1,1,1,1,0,0,20220104,20220129
6468,0,0,0,0,0,0,1,20220104,20220124
6467,0,0,0,0,0,1,0,20211219,20220130
6460,0,0,0,0,1,0,1,20220104,20220129
887,1,1,1,1,1,0,0,20211214,20220129
6452,0,0,0,0,0,1,0,20220123,20220130
6448,1,1,1,1,1,1,1,20211213,20220103
6447,0,0,0,0,0,1,0,20220109,20220116
6453,0,1,1,1,1,0,1,20220119,20220129
6446,1,1,1,1,1,1,1,20211102,20211114
1948,1,1,1,1,1,1,1,20220118,20220130
6450,1,1,1,1,1,0,1,20211213,20220129
6179,1,1,1,1,1,0,1,20220104,20220129
2577,1,1,1,1,1,1,1,20220104,20220130
6147,1,1,1,1,1,1,0,20220104,20220130
2582,1,1,1,1,1,1,0,20211214,20220102
3551,1,1,1,1,1,1,1,20211213,20220130
5784,1,1,1,1,1,1,1,20211102,20211212
6340,1,1,1,1,1,1,1,20211213,20220130
4641,1,1,1,1,1,1,1,20211213,20220130
4536,1,1,1,1,1,1,0,20211214,20220130
5738,1,1,1,1,1,0,0,20220118,20220129
5739,1,1,1,1,1,1,1,20211213,20220130
465,1,1,1,1,0,0,0,20211102,20211210
848,1,1,1,1,1,0,0,20211214,20211218
2495,0,0,0,0,0,1,1,20211219,20220130
2540,1,1,1,1,1,1,0,20211214,20220130
3238,1,1,1,1,1,1,0,20211102,20211212
