service_id,date,exception_type
8038,20211124,1
8039,20211124,2
8042,20211111,1
8043,20211111,2
567,20211212,1
1755,20211105,1
8052,20211111,2
8052,20211105,2
8053,20211111,2
8055,20211111,1
8057,20211111,2
8061,20211211,1
8063,20211201,1
8063,20211202,1
8063,20211103,1
8063,20211104,1
8063,20211208,1
8063,20211209,1
8065,20211110,1
8065,20211111,1
8066,20211111,2
437,20211111,1
8076,20211130,1
8076,20211203,1
8076,20211207,1
8076,20211210,1
8080,20211111,2
8085,20211111,2
8086,20211102,1
8099,20211111,2
8102,20211111,1
2909,20211111,2
8112,20211106,2
238,20211108,1
8114,20211111,1
8115,20211106,1
8118,20211115,1
8121,20211111,2
6036,20211114,1
6036,20211107,1
8124,20211111,2
191,20211102,1
8134,20211105,1
8140,20211113,1
8140,20211106,1
8140,20211108,2
8141,20211120,1
8144,20211104,1
8144,20211105,2
8153,20211218,1
8153,20211219,1
8153,20211224,1
8153,20211225,1
8153,20211226,1
8153,20211231,1
8153,20220101,1
8153,20220102,1
326,20211218,1
326,20211224,1
326,20211231,1
564,20211218,1
410,20211217,1
410,20211215,1
410,20211216,1
410,20211222,1
410,20211223,1
410,20211229,1
410,20211230,1
8158,20211217,1
8158,20211215,1
8158,20211216,1
8158,20211222,1
8158,20211223,1
8158,20211229,1
8158,20211230,1
8159,20211224,2
8159,20211231,2
1591,20211218,1
8161,20211224,1
8161,20211231,1
8163,20211218,1
8163,20211217,2
1824,20211225,2
8164,20211224,2
8164,20211231,2
1593,20211224,2
8167,20211225,2
8167,20220101,2
8168,20211218,1
8168,20211224,1
8168,20211231,1
8170,20211218,1
8170,20211224,1
8170,20211231,1
8171,20211217,1
8171,20211218,2
8172,20211225,1
8172,20220101,1
8172,20211224,2
8172,20211231,2
8174,20211225,1
8174,20220101,1
8175,20211218,1
8175,20211217,2
8177,20211218,1
8177,20211224,1
8177,20211231,1
8178,20211217,1
8178,20211218,2
8182,20211225,1
8182,20220101,1
8182,20211224,2
8182,20211231,2
8185,20211218,1
8185,20211217,2
240,20211107,1
3194,20211107,2
1895,20211201,1
1912,20211116,1
8188,20211107,2
3095,20211113,1
3095,20211111,2
6324,20211114,2
6324,20211115,2
8189,20211104,1
8189,20211116,1
8190,20211116,2
8190,20211104,2
8193,20211111,2
5798,20211107,2
5798,20211206,2
6422,20211107,2
3347,20211107,2
3347,20211108,2
1893,20211106,1
3343,20211116,1
3342,20211102,1
3342,20211103,1
3342,20211104,1
3342,20211105,1
3342,20211106,1
3342,20211109,1
3342,20211110,1
3342,20211111,1
3342,20211112,1
3342,20211113,1
3342,20211116,2
271,20211114,1
5139,20211106,2
270,20211115,1
6354,20211106,2
6354,20211107,2
5576,20211116,2
6391,20211113,2
21,20211206,1
8198,20211128,1
293,20211204,1
6439,20211102,1
6439,20211103,1
6439,20211104,1
6439,20211105,1
6439,20211106,1
6439,20211130,1
6439,20211201,1
6439,20211202,1
6439,20211203,1
6439,20211204,1
6439,20211207,1
6439,20211208,1
6439,20211209,1
6439,20211210,1
6439,20211211,1
4195,20211211,1
150,20211113,1
6372,20211110,2
6372,20211111,2
6372,20211106,2
6372,20211107,2
8200,20211225,2
8200,20220101,2
8201,20211218,1
1186,20211225,2
1186,20220101,2
4204,20220123,1
4204,20220124,1
4204,20211213,1
7096,20220123,2
7096,20220124,2
1244,20220124,1
1244,20211213,1
8206,20211225,1
8206,20220101,1
8207,20211218,1
8207,20211215,1
8207,20211216,1
8207,20211217,1
8207,20211222,1
8207,20211223,1
8207,20211224,1
8207,20211229,1
8207,20211230,1
8207,20211231,1
8209,20211217,1
8209,20211215,1
8209,20211216,1
8209,20211222,1
8209,20211223,1
8209,20211229,1
8209,20211230,1
8211,20211217,1
8211,20211215,1
8211,20211216,1
8211,20211222,1
8211,20211223,1
8211,20211229,1
8211,20211230,1
8215,20211225,1
8215,20220101,1
8216,20211224,2
8216,20211231,2
8217,20211224,2
8217,20211231,2
8218,20211218,1
8219,20211224,1
8219,20211231,1
1284,20211219,1
1284,20211225,1
1284,20211226,1
1284,20220101,1
1284,20220102,1
511,20211225,1
511,20220101,1
511,20211224,2
511,20211231,2
8220,20211217,1
8220,20211215,1
8220,20211216,1
8220,20211222,1
8220,20211223,1
8220,20211229,1
8220,20211230,1
8221,20211218,1
2489,20211218,1
2489,20211224,1
2489,20211231,1
8224,20211224,2
8224,20211231,2
1272,20211224,1
1272,20211231,1
1272,20211225,2
1272,20220101,2
8225,20211218,2
406,20211224,2
406,20211231,2
2024,20211224,1
2024,20211231,1
8228,20211224,1
8228,20211231,1
8229,20211224,2
8229,20211231,2
3657,20211218,1
3657,20211217,2
1142,20211225,2
1142,20220101,2
6004,20211111,2
2035,20211111,2
8234,20211111,2
6111,20211111,2
4835,20211110,2
4835,20211111,2
1391,20211111,2
6125,20211109,2
6125,20211111,2
6125,20211112,2
6125,20211104,2
6125,20211105,2
5968,20211109,2
5968,20211110,2
5968,20211112,2
5968,20211113,2
8250,20211112,1
6066,20211112,1
1585,20211110,2
8258,20211111,2
1652,20211108,1
1907,20211110,1
8260,20211111,1
6136,20211108,1
1613,20211111,2
6137,20211111,2
275,20211114,2
2935,20211105,2
2935,20211106,2
6110,20211111,2
6095,20211206,2
8270,20211108,1
2718,20211111,2
8277,20211111,2
8278,20211108,2
8282,20211106,1
8284,20211110,1
8284,20211109,2
5445,20211122,2
8286,20211114,2
2867,20211111,2
6226,20211111,2
5446,20211122,1
8287,20211113,1
8288,20211111,1
8288,20211107,1
8288,20211114,2
8289,20211121,1
8289,20211114,1
971,20211120,1
6225,20211120,2
8291,20211109,1
8291,20211110,2
3326,20211111,2
8295,20211121,2
8295,20211122,2
179,20211107,1
6146,20211121,2
8296,20211108,1
4001,20211111,2
133,20211121,1
3791,20211108,1
3790,20211202,2
6134,20211114,1
6134,20211115,1
6134,20211111,2
6131,20211111,1
6133,20211123,2
6133,20211124,2
6133,20211125,2
6133,20211126,2
6133,20211127,2
1904,20211103,1
8316,20211111,2
8318,20211107,1
7201,20211111,2
8324,20211206,1
6139,20211130,1
6139,20211201,1
6139,20211202,1
6139,20211203,1
6139,20211207,1
6139,20211208,1
6139,20211209,1
6139,20211210,1
8332,20211108,1
7207,20211104,1
7207,20211105,2
7207,20211106,2
8334,20211111,2
8339,20211115,1
8340,20211226,1
8340,20220102,1
8340,20211225,2
8340,20220101,2
8342,20211219,1
8342,20211225,1
8342,20220101,1
902,20211102,1
8344,20220129,1
8345,20211218,1
8345,20211224,1
8345,20211231,1
8346,20220129,1
8347,20211224,2
8347,20211231,2
8348,20211225,1
8348,20220101,1
8350,20220129,2
6364,20211130,1
6364,20211201,1
6364,20211202,1
6364,20211203,1
6364,20211204,1
6364,20211206,1
6364,20211207,1
6364,20211208,1
6364,20211209,1
6364,20211210,1
6364,20211211,1
6364,20211120,1
6364,20211122,1
6364,20211127,1
6364,20211129,1
2311,20211123,2
2311,20211124,2
2311,20211125,2
2311,20211126,2
2311,20211127,2
7413,20211111,2
8352,20211122,1
8353,20211111,1
8355,20211108,1
8357,20211107,1
8358,20211121,1
8359,20211108,1
8360,20211121,1
8361,20211122,1
8363,20211114,2
5607,20211111,2
5600,20211108,1
4833,20211224,2
4833,20211231,2
6205,20220124,1
8367,20211225,2
8367,20220101,2
2933,20211219,1
2933,20211225,1
2933,20211226,1
2933,20220101,1
2933,20220102,1
2937,20211225,2
2937,20220101,2
2028,20211225,2
2028,20220101,2
6207,20211213,1
6207,20211218,1
6207,20211220,1
6207,20211224,1
6207,20211227,1
6207,20211231,1
6207,20220103,1
6207,20220124,2
8369,20211225,2
5036,20211218,1
8372,20211218,2
1993,20211225,2
1993,20220101,2
3448,20211218,1
3448,20211217,2
8376,20211218,1
8376,20211224,1
8376,20211231,1
5941,20211218,1
5941,20211224,1
5941,20211231,1
1333,20211225,2
1333,20220101,2
8377,20211219,1
8377,20211225,1
8377,20211226,1
8377,20220101,1
8377,20220102,1
1150,20211225,2
8379,20211218,1
8379,20211224,1
8379,20211231,1
8384,20211224,1
8384,20211231,1
8387,20211224,2
8387,20211231,2
8388,20211217,1
8390,20211217,1
8390,20211215,1
8390,20211216,1
8390,20211222,1
8390,20211223,1
8390,20211229,1
8390,20211230,1
8391,20211218,1
8395,20211225,1
8395,20220101,1
8396,20211218,1
8397,20211217,1
8398,20211224,2
8398,20211231,2
8399,20211218,1
8399,20211219,1
8399,20211224,1
8399,20211225,1
8399,20211226,1
8399,20211231,1
8399,20220101,1
8399,20220102,1
8401,20211225,1
8401,20220101,1
8402,20211219,1
8402,20211225,1
8402,20211226,1
8402,20220101,1
8402,20220102,1
8403,20211225,2
8404,20211218,1
8404,20211224,1
8404,20211231,1
8405,20211218,1
8405,20211224,1
8405,20211231,1
8406,20211225,2
8409,20211218,1
8409,20211217,2
8410,20211218,1
8412,20211225,2
8412,20220101,2
8415,20211217,1
8415,20211215,1
8415,20211216,1
8415,20211222,1
8415,20211223,1
8415,20211229,1
8415,20211230,1
8417,20211224,1
8417,20211231,1
8417,20211225,2
8417,20220101,2
499,20211225,1
499,20220101,1
8418,20211224,2
8418,20211231,2
8419,20211224,2
8419,20211231,2
8420,20211217,1
8425,20211218,1
8425,20211219,1
8425,20211224,1
8425,20211225,1
8425,20211226,1
8425,20211231,1
8425,20220101,1
8425,20220102,1
8427,20211217,1
8429,20211224,1
8429,20211231,1
8429,20211225,2
8429,20220101,2
8430,20211218,1
8434,20211218,2
8438,20211217,1
8438,20211215,1
8438,20211216,1
8438,20211222,1
8438,20211223,1
8438,20211229,1
8438,20211230,1
8441,20211218,1
8441,20211217,2
2310,20211224,2
2310,20211231,2
4037,20211224,1
4037,20211231,1
4037,20211225,2
4037,20220101,2
8442,20211224,2
8442,20211231,2
2271,20211224,2
2271,20211231,2
5012,20211225,2
5012,20220101,2
6685,20211224,1
6685,20211231,1
6685,20211225,2
6685,20220101,2
2367,20211218,1
2367,20211219,1
2367,20211224,1
2367,20211225,1
2367,20211226,1
2367,20211231,1
2367,20220101,1
2367,20220102,1
336,20211225,2
336,20220101,2
5513,20211218,1
5513,20211224,1
5513,20211231,1
8444,20211224,1
8444,20211231,1
5400,20211225,2
5400,20220101,2
6884,20211225,2
6884,20220101,2
6579,20211205,1
846,20211128,1
8447,20211203,2
3032,20211129,2
1353,20211129,1
6516,20211117,2
1892,20211117,1
945,20211128,2
6592,20211129,2
6563,20211111,1
6563,20211206,1
710,20211111,2
862,20211128,2
2157,20211128,2
2157,20211129,2
8449,20211207,1
8450,20211129,2
8452,20211113,1
8453,20211113,2
8456,20211206,1
8457,20211109,1
8457,20211112,2
8458,20211108,1
8459,20211112,1
8459,20211103,1
8459,20211109,2
2539,20211128,2
8462,20211104,2
8462,20211128,2
8462,20211129,2
4509,20211128,2
8463,20211104,1
8464,20211114,1
8465,20211121,1
8465,20211107,1
5230,20211128,2
8466,20211128,2
8467,20211102,1
8467,20211109,1
8467,20211110,1
8467,20211104,2
8467,20211113,2
8468,20211113,1
8468,20211104,1
8468,20211109,2
8468,20211110,2
8469,20211128,1
8470,20211129,1
6519,20211128,2
6519,20211129,2
8471,20211129,2
3107,20211128,2
3107,20211129,2
8477,20220119,2
8477,20220120,2
8477,20220121,2
8477,20220122,2
8478,20211225,2
5149,20211225,2
5149,20220101,2
8480,20211106,1
8480,20211112,2
8481,20211112,1
8481,20211105,1
8481,20211106,2
1767,20211107,1
8484,20211122,1
1354,20211108,1
8488,20211121,1
8489,20211206,1
132,20211122,1
8490,20211109,2
1777,20211122,2
8491,20211109,1
5714,20211128,2
5714,20211129,2
8492,20211113,1
8492,20211106,1
8492,20211107,2
8493,20211107,1
8493,20211113,2
8494,20211114,2
8494,20211108,2
8496,20211111,2
8498,20211108,1
8501,20211105,1
8503,20211103,1
8503,20211104,1
8503,20211105,2
8504,20211110,1
8504,20211105,1
8505,20211104,1
8505,20211209,1
8505,20211110,2
8505,20211105,2
4403,20211128,2
4403,20211129,2
8506,20211106,1
8506,20211112,2
8507,20211112,1
8507,20211105,1
8507,20211106,2
8508,20211113,1
8508,20211106,1
8508,20211107,2
8509,20211107,1
8509,20211113,2
389,20211111,2
342,20211111,2
4261,20211111,1
8510,20211111,2
8510,20211112,2
8511,20211112,1
248,20211111,1
573,20211111,2
1603,20211111,2
2355,20211111,2
6500,20211111,2
1660,20211111,2
8518,20211111,2
8519,20211111,1
4611,20211218,1
8524,20211218,1
3105,20211214,1
3105,20211215,1
3105,20211216,1
3105,20211217,1
3105,20211218,1
3105,20211221,1
3105,20211222,1
3105,20211223,1
3105,20211224,1
3105,20211228,1
3105,20211229,1
3105,20211230,1
3105,20211231,1
3688,20211214,1
3688,20211215,1
3688,20211216,1
3688,20211217,1
3688,20211218,1
3688,20211221,1
3688,20211222,1
3688,20211223,1
3688,20211224,1
3688,20211228,1
3688,20211229,1
3688,20211230,1
3688,20211231,1
5271,20211217,1
5271,20211218,1
5271,20220118,1
5271,20220119,1
5271,20220120,1
5271,20220121,1
5271,20220122,1
1759,20211225,2
1759,20220101,2
8526,20211219,1
5366,20211214,1
5366,20211215,1
5366,20211216,1
5366,20211217,1
5366,20211218,1
5366,20211221,1
5366,20211222,1
5366,20211223,1
5366,20211224,1
5366,20211228,1
5366,20211229,1
5366,20211230,1
5366,20211231,1
4079,20220130,1
5049,20220130,1
2419,20220130,1
4064,20220130,1
4926,20211214,1
4926,20211215,1
4926,20211216,1
4926,20211217,1
4926,20211218,1
4926,20211221,1
4926,20211222,1
4926,20211223,1
4926,20211224,1
4926,20211228,1
4926,20211229,1
4926,20211230,1
4926,20211231,1
6504,20211214,1
6504,20211215,1
6504,20211216,1
6504,20211217,1
6504,20211218,1
6504,20211221,1
6504,20211222,1
6504,20211223,1
6504,20211228,1
6504,20211229,1
6504,20211230,1
3896,20220130,1
924,20211221,2
924,20211222,2
924,20211223,2
924,20211224,2
924,20211228,2
924,20211229,2
924,20211230,2
924,20211231,2
8527,20211225,2
8527,20220101,2
8528,20211213,1
8529,20211219,1
8529,20211225,1
8529,20211226,1
8529,20220101,1
8529,20220102,1
1614,20211217,1
1918,20211216,1
1938,20220107,1
1952,20220108,1
1929,20220118,1
1967,20220119,1
1828,20211224,1
1932,20220128,1
1324,20211231,1
1944,20220113,1
1965,20220124,1
1379,20220123,1
1942,20220125,1
1945,20211221,1
1397,20220130,1
1951,20220117,1
1963,20211215,1
1325,20220101,1
1927,20220114,1
1969,20220111,1
1960,20220110,1
1970,20211223,1
1040,20220102,1
1700,20211228,1
1966,20220122,1
1926,20220126,1
1947,20220115,1
1939,20220127,1
1921,20220129,1
1958,20220120,1
1815,20211229,1
1964,20220112,1
1962,20220106,1
597,20211214,1
1300,20211218,1
1934,20220103,1
1937,20220104,1
669,20211213,1
1950,20220121,1
922,20220105,1
1968,20211230,1
1959,20220109,1
1940,20211226,1
1330,20211225,1
1953,20220116,1
915,20211227,1
1961,20211220,1
1041,20211219,1
1933,20211222,1
2330,20211225,1
2330,20220101,1
8530,20211218,1
1590,20211218,1
5891,20211224,2
5891,20211231,2
4413,20211224,2
4413,20211231,2
1157,20211225,2
1157,20220101,2
5396,20211214,1
5396,20211215,1
5396,20211216,1
5396,20211217,1
5396,20211218,1
5396,20211221,1
5396,20211222,1
5396,20211223,1
5396,20211224,1
5396,20211228,1
5396,20211229,1
5396,20211230,1
5396,20211231,1
5396,20220105,2
1268,20211218,1
1268,20211224,1
1268,20211231,1
6423,20211213,1
6423,20211218,1
6423,20211219,1
6423,20211220,1
6423,20211224,1
6423,20211225,1
6423,20211226,1
6423,20211227,1
6423,20211231,1
6423,20220101,1
6423,20220102,1
6423,20220103,1
6423,20211217,2
1271,20211224,1
1271,20211231,1
1271,20211225,2
1271,20220101,2
8534,20211219,1
8534,20211225,1
8534,20211226,1
8534,20220101,1
8534,20220102,1
8535,20211214,1
8535,20211215,1
8535,20211216,1
8535,20211217,1
8535,20211221,1
8535,20211222,1
8535,20211223,1
8535,20211224,1
8535,20211228,1
8535,20211229,1
8535,20211230,1
8535,20211231,1
6477,20220123,2
6477,20220124,2
2865,20211225,2
2865,20220101,2
8536,20211218,1
8536,20211215,1
8536,20211216,1
8536,20211217,1
8536,20211222,1
8536,20211223,1
8536,20211224,1
8536,20211229,1
8536,20211230,1
8536,20211231,1
3515,20211218,1
3515,20211219,1
3515,20211224,1
3515,20211225,1
3515,20211226,1
3515,20211231,1
3515,20220101,1
3515,20220102,1
6442,20211213,1
6442,20211219,1
6442,20211220,1
6442,20211225,1
6442,20211226,1
6442,20211227,1
6442,20220101,1
6442,20220102,1
6442,20220103,1
6442,20211218,2
2131,20211219,1
2131,20211225,1
2131,20211226,1
2131,20220101,1
2131,20220102,1
724,20211225,2
724,20220101,2
5209,20211219,1
5209,20211225,1
5209,20211226,1
5209,20220101,1
5209,20220102,1
6420,20220104,1
6420,20220105,1
6420,20220106,1
6420,20220107,1
6420,20220108,1
6420,20211221,1
6420,20211222,1
6420,20211223,1
6420,20211224,1
6420,20211228,1
6420,20211229,1
6420,20211230,1
6420,20211231,1
6420,20220111,1
6420,20220118,1
6420,20220125,1
8540,20220108,2
6416,20211107,2
8542,20211225,2
8542,20220101,2
8543,20211219,1
8543,20211225,1
8543,20211226,1
8543,20220101,1
8543,20220102,1
2317,20211218,1
8547,20211218,1
1789,20211225,2
1789,20220101,2
5250,20211218,1
5250,20211224,1
5250,20211231,1
8549,20211224,1
8549,20211231,1
8550,20211224,2
8550,20211231,2
8551,20211218,1
8551,20211224,1
8551,20211231,1
5185,20211219,1
5185,20211221,1
5185,20211222,1
5185,20211223,1
5185,20211225,1
5185,20211226,1
5185,20211228,1
5185,20211229,1
5185,20211230,1
5185,20220101,1
5185,20220102,1
6228,20211221,1
6228,20211222,1
6228,20211223,1
6228,20211228,1
6228,20211229,1
6228,20211230,1
8552,20211224,2
8552,20211231,2
8553,20211224,2
8553,20211231,2
8555,20211219,1
8555,20211225,1
8555,20211226,1
8555,20220101,1
8555,20220102,1
8556,20211225,2
8556,20220101,2
8557,20211224,1
8557,20211231,1
8558,20211219,1
8558,20211225,1
8558,20211226,1
8558,20220101,1
8558,20220102,1
8559,20211219,1
8559,20211225,1
8559,20211226,1
8559,20220101,1
8559,20220102,1
8560,20211225,2
8560,20220101,2
8561,20211218,1
8561,20211224,1
8561,20211231,1
8564,20211219,1
8564,20211225,1
8564,20211226,1
8564,20220101,1
8564,20220102,1
8569,20211225,2
8569,20220101,2
8571,20211225,2
8571,20220101,2
8573,20211218,1
8573,20211224,1
8573,20211231,1
8574,20211224,2
8575,20211224,2
8575,20211231,2
8576,20211225,2
8576,20220101,2
8578,20211224,2
8578,20211231,2
2133,20211225,1
2133,20220101,1
2133,20211224,2
2133,20211231,2
8579,20211214,1
8579,20211215,1
8579,20211216,1
8579,20211217,1
8579,20211221,1
8579,20211222,1
8579,20211223,1
8579,20211224,1
8579,20211228,1
8579,20211229,1
8579,20211230,1
8579,20211231,1
8580,20211218,1
8581,20211214,1
8581,20211215,1
8581,20211216,1
8581,20211217,1
8581,20211221,1
8581,20211222,1
8581,20211223,1
8581,20211224,1
8581,20211228,1
8581,20211229,1
8581,20211230,1
8581,20211231,1
6353,20211218,1
6353,20211224,1
6353,20211231,1
4707,20211218,1
4707,20211224,1
4707,20211231,1
4172,20220109,1
4172,20220116,1
4172,20220130,1
8582,20211218,1
4640,20211108,1
4640,20211115,1
4640,20211122,1
5321,20211109,1
5321,20211110,1
5321,20211111,1
5321,20211112,1
5321,20211113,1
5321,20211102,1
5321,20211103,1
5321,20211104,1
5321,20211105,1
5321,20211116,1
5321,20211117,1
5321,20211118,1
5321,20211119,1
5490,20211107,2
8586,20211107,2
6321,20211107,2
8587,20211104,1
8588,20211104,2
8588,20211107,2
5389,20211107,2
6333,20211109,1
6333,20211110,1
6333,20211111,1
6333,20211112,1
6333,20211113,1
6333,20211114,1
6333,20211102,1
6333,20211103,1
6333,20211104,1
6333,20211105,1
6333,20211106,1
6333,20211116,1
6333,20211117,1
6333,20211118,1
6333,20211119,1
6333,20211120,1
73,20211211,1
4718,20211124,2
4720,20211124,1
4720,20211207,1
4720,20211208,1
4720,20211209,1
4720,20211210,1
4720,20211211,1
8595,20211214,1
8595,20211215,1
8595,20211216,1
8595,20211217,1
8595,20211221,1
8595,20211222,1
8595,20211223,1
8595,20211224,1
8595,20211228,1
8595,20211229,1
8595,20211230,1
8595,20211231,1
5285,20211224,2
5285,20211231,2
8596,20211218,1
2792,20211218,1
2792,20211224,1
2792,20211231,1
6316,20211224,1
6316,20211231,1
6316,20211225,2
6316,20220101,2
8597,20211218,1
8597,20211215,1
8597,20211216,1
8597,20211217,1
8597,20211222,1
8597,20211223,1
8597,20211224,1
8597,20211229,1
8597,20211230,1
8597,20211231,1
6328,20211107,2
6328,20211108,2
6339,20211108,1
1684,20211108,1
4134,20211111,1
4133,20211202,1
4133,20211203,1
4133,20211204,1
4133,20211209,1
4133,20211210,1
4133,20211211,1
3937,20211130,1
3937,20211201,1
3937,20211202,1
3937,20211203,1
3937,20211204,1
3937,20211205,1
3937,20211206,1
3937,20211124,1
3937,20211125,1
3937,20211126,1
3937,20211127,1
3937,20211128,1
3937,20211129,1
3937,20211102,1
3937,20211103,1
3937,20211104,1
3937,20211105,1
3937,20211108,1
3937,20211207,1
3937,20211208,1
3937,20211209,1
3937,20211210,1
3937,20211211,1
3937,20211212,1
4136,20211118,1
4136,20211116,2
6314,20211107,2
4130,20211124,1
4130,20211125,1
4130,20211126,1
4130,20211127,1
4130,20211129,1
4130,20211206,1
4130,20211102,1
4130,20211103,1
4130,20211104,1
4130,20211105,1
4130,20211106,1
1526,20211102,1
1526,20211103,1
1526,20211104,1
1526,20211105,1
1526,20211106,1
1526,20211123,2
6308,20211204,1
6308,20211113,1
6308,20211211,1
6345,20211111,1
8601,20211108,1
1885,20211124,1
6336,20211107,2
6348,20211124,2
6348,20211111,2
4213,20211116,2
4213,20211117,2
4213,20211118,2
4213,20211119,2
4213,20211120,2
3737,20211107,2
6369,20211130,2
6369,20211202,2
6369,20211203,2
6369,20211204,2
6369,20211107,2
8606,20211218,1
8606,20211224,1
8606,20211231,1
8609,20220123,2
6346,20220104,1
6346,20220105,1
6346,20220106,1
6346,20220107,1
6346,20220108,1
6346,20220110,1
6346,20211221,1
6346,20211222,1
6346,20211223,1
6346,20211224,1
6346,20211227,1
6346,20211228,1
6346,20211229,1
6346,20211230,1
6346,20211231,1
6346,20220103,1
6346,20220117,1
6346,20220124,1
8610,20220124,1
8610,20211213,1
8613,20220123,1
8614,20211218,1
8614,20211215,1
8614,20211216,1
8614,20211217,1
8614,20211222,1
8614,20211223,1
8614,20211224,1
8614,20211229,1
8614,20211230,1
8614,20211231,1
8615,20211107,1
5995,20211115,2
3925,20211114,2
1784,20211114,2
5920,20211107,1
8633,20211115,1
3542,20211113,1
6077,20211110,2
8639,20211110,1
8649,20211114,2
8651,20211110,2
8651,20211112,2
8651,20211113,2
8651,20211115,2
8660,20211110,2
8660,20211112,2
8660,20211113,2
8660,20211115,2
8661,20211104,1
8661,20211108,2
8669,20211114,1
8678,20211111,2
8679,20211111,1
8681,20211104,1
8681,20211108,2
8685,20211111,1
8687,20211111,2
1332,20211225,2
1332,20220101,2
8696,20211225,2
8696,20220101,2
8697,20211217,1
8697,20211215,1
8697,20211216,1
8697,20211222,1
8697,20211223,1
8697,20211229,1
8697,20211230,1
8699,20211218,1
8699,20211224,1
8699,20211231,1
8700,20211224,2
8700,20211231,2
6002,20211218,1
5921,20211213,1
5921,20211219,1
5921,20211220,1
5921,20211221,1
5921,20211222,1
5921,20211223,1
5921,20211225,1
5921,20211226,1
5921,20211227,1
5921,20211228,1
5921,20211229,1
5921,20211230,1
5921,20220101,1
5921,20220102,1
5921,20220103,1
5921,20211214,2
5921,20211215,2
5921,20211216,2
5921,20211218,2
8707,20211224,2
8709,20211224,2
8709,20211231,2
8712,20211225,2
8712,20220101,2
8713,20211219,1
8713,20211225,1
8713,20211226,1
8713,20220101,1
8713,20220102,1
8714,20211217,1
8714,20211215,1
8714,20211216,1
8714,20211222,1
8714,20211223,1
8714,20211229,1
8714,20211230,1
8715,20211218,1
8717,20211225,2
8717,20220101,2
8719,20211224,1
8719,20211231,1
8722,20211224,2
8723,20211224,1
8723,20211231,1
8723,20211225,2
8723,20220101,2
8724,20211225,2
8724,20220101,2
8725,20211219,1
8725,20211225,1
8725,20211226,1
8725,20220101,1
8725,20220102,1
8726,20211219,1
8726,20211225,1
8726,20211226,1
8726,20220101,1
8726,20220102,1
8727,20211225,2
8727,20220101,2
8729,20211225,2
8729,20220101,2
8730,20211224,2
8730,20211231,2
8733,20211214,2
8733,20211215,2
8733,20211216,2
8738,20211225,2
8748,20211219,1
8748,20211225,1
8748,20211226,1
8748,20220101,1
8748,20220102,1
5430,20211218,1
6119,20211218,1
8751,20211217,1
8751,20211215,1
8751,20211216,1
8751,20211222,1
8751,20211223,1
8751,20211229,1
8751,20211230,1
8752,20211225,2
8752,20220101,2
8753,20211225,2
8753,20220101,2
2467,20211225,2
2467,20220101,2
8754,20211224,2
8754,20211231,2
6258,20211224,2
6258,20211231,2
8755,20211218,1
8755,20211224,1
8755,20211231,1
8756,20211220,1
8756,20211213,1
8756,20211214,1
8756,20211218,1
8756,20211221,1
8756,20211224,1
8756,20211227,1
8756,20211228,1
8756,20211231,1
8756,20220103,1
8758,20211225,2
8758,20220101,2
8761,20211219,1
8761,20211225,1
8761,20211226,1
8761,20220101,1
8761,20220102,1
6223,20211218,1
6223,20211224,1
6223,20211231,1
8763,20211225,2
8763,20220101,2
340,20211225,2
340,20220101,2
8767,20211217,1
8767,20211215,1
8767,20211216,1
8767,20211222,1
8767,20211223,1
8767,20211229,1
8767,20211230,1
5890,20211224,2
5890,20211231,2
8768,20211218,1
8768,20211215,1
8768,20211216,1
8768,20211217,1
8768,20211222,1
8768,20211223,1
8768,20211224,1
8768,20211229,1
8768,20211230,1
8768,20211231,1
8772,20211217,1
8772,20211215,1
8772,20211216,1
8772,20211222,1
8772,20211223,1
8772,20211229,1
8772,20211230,1
8773,20211224,1
8773,20211231,1
8773,20211225,2
8773,20220101,2
2149,20211218,2
8774,20211225,2
8774,20220101,2
8775,20211217,1
8775,20211218,2
8778,20211218,1
8778,20211217,2
8779,20211225,1
8779,20220101,1
8780,20211225,1
8780,20220101,1
8780,20211224,2
8780,20211231,2
8781,20211218,1
8781,20211215,1
8781,20211216,1
8781,20211217,1
8781,20211222,1
8781,20211223,1
8781,20211224,1
8781,20211229,1
8781,20211230,1
8781,20211231,1
8782,20211224,1
8782,20211231,1
8782,20211225,2
8782,20220101,2
5379,20211226,2
5381,20211225,1
5381,20211226,1
5381,20220101,1
8786,20220119,2
8786,20220120,2
8786,20220121,2
8786,20220122,2
8786,20220123,2
8791,20211225,2
8791,20220101,2
6473,20211218,1
6473,20211224,1
6473,20211231,1
451,20211221,2
451,20211222,2
451,20211223,2
451,20211224,2
451,20211228,2
451,20211229,2
451,20211230,2
451,20211231,2
8792,20211220,2
8792,20211227,2
8794,20211214,1
8794,20211215,1
8794,20211216,1
8794,20211217,1
8794,20211221,1
8794,20211222,1
8794,20211223,1
8794,20211228,1
8794,20211229,1
8794,20211230,1
2182,20211225,2
2182,20220101,2
3857,20211220,2
3857,20211227,2
8798,20211218,1
2652,20211220,2
2652,20211227,2
8801,20211224,2
8806,20211218,1
8810,20211219,1
523,20211221,2
523,20211222,2
523,20211223,2
523,20211224,2
523,20211225,2
523,20211228,2
523,20211229,2
523,20211230,2
523,20211231,2
523,20220101,2
6511,20211225,2
6511,20220101,2
3895,20220109,1
3895,20220116,1
3895,20220123,1
8812,20211225,1
8812,20220101,1
5965,20220124,2
1643,20211218,1
1643,20211224,1
1643,20211231,1
8814,20211226,2
8814,20220102,2
8815,20211227,1
8816,20220101,2
8816,20220124,2
8816,20211225,2
8816,20211227,2
8817,20211228,1
8818,20211227,1
8818,20220102,1
8819,20211225,2
8819,20211228,2
8819,20220101,2
8820,20211226,2
8820,20220102,2
8821,20211225,1
8821,20220101,1
8821,20220102,2
8822,20211228,2
8822,20220102,2
8822,20211227,2
8823,20211227,1
8825,20211227,2
8826,20220102,1
3027,20211213,1
3027,20220130,1
8827,20220104,1
8827,20220105,1
8827,20220106,1
8827,20220107,1
8827,20220108,1
8827,20220110,1
8827,20220115,1
8827,20220117,1
8827,20220122,1
8827,20220124,1
8827,20220129,1
8827,20211221,1
8827,20211222,1
8827,20211223,1
8827,20211224,1
8827,20211227,1
8827,20211228,1
8827,20211229,1
8827,20211230,1
8827,20211231,1
8827,20220103,1
8829,20211218,1
8829,20211224,1
8829,20211231,1
5639,20211218,1
8831,20211218,1
8831,20211224,1
8831,20211231,1
6857,20211219,1
6857,20211225,1
6857,20211226,1
6857,20220101,1
6857,20220102,1
8832,20211225,1
8832,20220101,1
8833,20220101,1
6871,20211219,1
6871,20211225,1
6871,20220101,1
8837,20211213,1
8837,20211220,1
8837,20211225,1
8837,20211227,1
8837,20220101,1
8837,20220103,1
8837,20211218,2
8838,20211217,1
8838,20211218,1
8838,20220101,2
8839,20211218,1
8842,20211225,1
8842,20220101,1
8844,20211225,1
8844,20220101,1
3672,20220130,1
3671,20211108,1
1527,20211225,2
1527,20220101,2
8849,20211225,1
8849,20220101,1
8850,20220130,1
3982,20211225,2
3982,20220101,2
8851,20211224,1
8851,20211231,1
7849,20211111,1
7846,20211102,1
7846,20211103,1
7846,20211104,1
7846,20211105,1
7846,20211106,1
7846,20211130,2
7846,20211202,2
7846,20211203,2
7846,20211204,2
6315,20220130,1
7844,20211108,1
7780,20211225,2
7780,20220101,2
7781,20211102,1
7781,20211103,1
7781,20211104,1
7781,20211105,1
7781,20211106,1
7781,20211124,1
7781,20211125,1
7781,20211126,1
7781,20211127,1
3977,20211106,1
2799,20220130,1
5661,20211108,1
8852,20211225,1
8852,20220101,1
7449,20211108,1
8853,20220130,1
2798,20220109,1
2798,20220116,1
2798,20220123,1
8855,20211225,1
8855,20220101,1
8856,20220130,1
8857,20220104,1
8857,20220105,1
8857,20220106,1
8857,20220107,1
8857,20220108,1
8857,20220111,1
8857,20220115,1
8857,20220118,1
8857,20220122,1
8857,20220125,1
8857,20220129,1
8857,20211221,1
8857,20211222,1
8857,20211223,1
8857,20211224,1
8857,20211228,1
8857,20211229,1
8857,20211230,1
8857,20211231,1
8858,20220108,1
8858,20220109,1
8858,20220110,1
8858,20220115,1
8858,20220116,1
8858,20220117,1
8858,20220122,1
8858,20220129,1
8858,20220123,2
8858,20220124,2
3941,20220130,1
8861,20211213,1
8861,20211219,1
8861,20211220,1
8861,20220109,1
8861,20220110,1
8861,20220117,1
8861,20220124,1
8862,20211225,2
8862,20220101,2
8863,20211225,2
8863,20220101,2
8864,20211104,2
8864,20211105,2
6135,20211107,2
8867,20211105,1
8868,20211103,2
8868,20211104,2
8868,20211105,2
1751,20211103,2
1751,20211104,2
8871,20211218,1
8871,20211224,1
8871,20211231,1
1870,20220101,1
1870,20211225,1
1870,20220102,2
1870,20211226,2
8872,20211225,1
8872,20220101,1
8873,20211126,1
8874,20211126,2
5699,20211123,2
5699,20211122,2
5699,20211107,2
5699,20211108,2
5699,20211109,2
5699,20211111,2
5699,20211114,2
5699,20211115,2
6676,20211121,2
6676,20211122,2
6676,20211111,2
6676,20211114,2
6676,20211115,2
6676,20211106,2
6676,20211107,2
6676,20211108,2
8875,20211104,2
8875,20211105,2
8876,20211104,1
8877,20211105,1
7502,20211130,1
7502,20211201,1
7502,20211202,1
7502,20211203,1
7502,20211204,1
7502,20211205,1
7502,20211206,1
7502,20211207,1
7502,20211208,1
7502,20211209,1
7502,20211210,1
7502,20211211,1
7502,20211120,1
7502,20211121,1
7502,20211122,1
7502,20211127,1
7502,20211128,1
7502,20211129,1
8878,20211104,2
8878,20211105,2
2257,20211210,1
2257,20211208,2
2253,20211202,1
2253,20211203,1
2253,20211204,1
2253,20211110,1
2253,20211111,1
2253,20211112,1
2253,20211104,1
2253,20211105,1
2253,20211106,1
2253,20211208,1
2253,20211209,1
2253,20211211,1
2254,20211113,1
2254,20211110,2
8880,20211105,1
8881,20211105,2
8884,20220130,1
6399,20211102,1
6399,20211103,1
6399,20211104,1
6399,20211105,1
6399,20211106,1
6399,20211109,1
6399,20211110,1
6399,20211111,1
6399,20211112,1
6399,20211113,1
6399,20211123,2
6399,20211124,2
6399,20211125,2
6399,20211126,2
8885,20220111,2
8885,20220112,2
8885,20220113,2
8885,20220114,2
8885,20220115,2
8885,20220118,2
8885,20220119,2
8885,20220120,2
8885,20220121,2
8885,20220122,2
7516,20220130,1
7055,20211217,1
7055,20211222,1
7055,20211223,1
7055,20211229,1
7055,20211230,1
8889,20211218,1
8889,20211219,1
8889,20211220,1
8889,20211224,1
8889,20211225,1
8889,20211226,1
8889,20211227,1
8889,20211231,1
8889,20220101,1
8889,20220102,1
8889,20220103,1
8890,20211218,1
8890,20211221,1
8890,20211222,1
8890,20211223,1
8890,20211224,1
8890,20211228,1
8890,20211229,1
8890,20211230,1
8890,20211231,1
8891,20211218,1
8891,20211219,1
8891,20211224,1
8891,20211225,1
8891,20211226,1
8891,20211231,1
8891,20220101,1
8891,20220102,1
8892,20211219,1
8892,20211220,1
8892,20211225,1
8892,20211226,1
8892,20211227,1
8892,20220101,1
8892,20220102,1
8892,20220103,1
8893,20211224,2
8893,20211231,2
6733,20211105,2
6724,20211108,2
4373,20211105,2
4373,20211106,2
126,20211111,2
259,20211111,2
6762,20211105,2
6762,20211106,2
6707,20211108,2
8895,20211106,1
8896,20211105,1
6602,20211123,1
6602,20211124,1
6602,20211125,1
6602,20211126,1
6602,20211127,1
6602,20211128,1
6602,20211129,1
6602,20211130,1
6602,20211201,1
6602,20211202,1
6602,20211203,1
6602,20211204,1
6602,20211205,1
6602,20211206,1
6602,20211207,1
6602,20211208,1
6602,20211209,1
6602,20211210,1
6602,20211211,1
6602,20211212,1
8897,20211105,1
8898,20211105,2
8899,20211218,1
8899,20211224,1
8899,20211231,1
8905,20211225,1
8905,20220101,1
1913,20211112,1
2022,20211112,2
8906,20211104,2
8907,20211104,1
8908,20211105,2
8909,20211105,1
6794,20211224,1
6794,20211231,1
6699,20211224,1
6699,20211231,1
6880,20211214,2
6880,20211215,2
6880,20211216,2
6880,20211217,2
6880,20211221,2
6880,20211222,2
6880,20211223,2
6880,20211224,2
3818,20211218,1
3818,20211219,1
3818,20211224,1
3818,20211225,1
3818,20211226,1
3818,20211231,1
3818,20220101,1
3818,20220102,1
6322,20211224,2
6322,20211231,2
6634,20211225,2
6634,20220101,2
8910,20211224,1
8910,20211231,1
6703,20211219,1
6703,20211220,1
6703,20211225,1
6703,20211226,1
6703,20211227,1
6703,20220101,1
6703,20220102,1
6703,20220103,1
4742,20211207,1
4742,20211208,1
4742,20211209,1
4742,20211210,1
4742,20211211,1
4742,20211102,1
4742,20211103,1
4742,20211104,1
4742,20211105,1
4742,20211106,1
4742,20211107,1
4742,20211108,1
4742,20211109,1
4742,20211110,1
4742,20211111,1
4742,20211112,1
4742,20211113,1
4742,20211114,1
4742,20211115,1
8911,20211207,2
8912,20211105,1
8913,20211105,2
8914,20211120,1
6624,20211110,2
5512,20211120,2
7823,20211103,2
7823,20211104,2
8915,20211104,1
8916,20211104,2
8916,20211130,2
8916,20211201,2
8916,20211202,2
6584,20211206,2
6584,20211128,2
6584,20211129,2
6587,20211210,1
3861,20211128,2
3861,20211129,2
6568,20211128,2
6568,20211129,2
8918,20220104,1
8919,20220129,1
8920,20220101,2
8920,20211225,2
8920,20211226,2
8921,20211225,1
8921,20211226,1
8921,20220101,1
8922,20211225,2
8922,20220101,2
8923,20211220,1
8923,20211225,1
8923,20211227,1
8923,20220101,1
8923,20220103,1
8925,20220101,1
8925,20211220,1
8925,20220103,2
8926,20211213,1
8927,20211218,1
8927,20220122,1
8927,20220105,2
8927,20220106,2
8927,20220107,2
8928,20220124,1
8929,20211225,1
8930,20220122,2
8931,20211231,1
8931,20211224,1
8931,20220101,2
8931,20211225,2
8931,20211226,2
8932,20211225,1
8932,20211226,1
8932,20220101,1
8933,20220129,1
8936,20211220,1
8936,20211225,1
8936,20211227,1
8936,20220101,1
8936,20220103,1
7509,20211206,2
7512,20211116,2
7512,20211118,2
5846,20211107,1
5842,20211108,1
4799,20211107,2
6338,20211219,1
6338,20211224,1
6338,20211226,1
6338,20211231,1
6338,20220102,1
6337,20211224,2
6337,20211231,2
3953,20220124,2
8940,20220101,1
8940,20211225,1
8940,20211227,2
8941,20220102,1
8943,20220102,2
647,20211225,2
647,20220101,2
8945,20211227,1
8946,20211224,2
8946,20211225,2
8946,20211231,2
8946,20220101,2
8949,20211228,1
8952,20211228,1
8955,20211226,2
8955,20211228,2
8955,20220102,2
8956,20211225,2
8956,20211228,2
8956,20220101,2
8957,20211228,2
8957,20220102,2
8959,20211225,1
8959,20220101,1
8959,20220102,2
8960,20211228,2
8960,20211226,2
8961,20220102,1
8962,20211226,2
8962,20220102,2
8963,20211226,1
5848,20220130,1
8964,20211226,2
5454,20211225,2
5454,20220101,2
8965,20211104,2
8966,20211104,1
4210,20211219,1
4210,20220130,1
8967,20211213,1
8967,20211220,1
8967,20211225,1
8967,20211227,1
8967,20220101,1
8967,20220103,1
8967,20211218,2
1516,20211225,2
1516,20220101,2
4206,20220109,1
4206,20220110,1
4206,20220116,1
4206,20220117,1
4206,20220130,1
5349,20220130,1
5340,20211102,1
5340,20211103,1
5340,20211104,1
5340,20211105,1
5340,20211106,1
5340,20211107,1
5340,20211108,1
5340,20211109,1
5340,20211110,1
5340,20211111,1
5340,20211112,1
5340,20211113,1
5340,20211114,1
5340,20211115,1
5326,20211219,1
5326,20211225,1
5326,20211226,1
5326,20220101,1
5326,20220102,1
8972,20211104,1
6835,20211108,1
6835,20211115,1
6835,20211122,1
8973,20211104,2
5568,20211225,1
5568,20220101,1
4684,20211124,2
4684,20211107,2
4684,20211108,2
8001,20211219,1
8001,20211225,1
8001,20211226,1
8001,20220101,1
8001,20220102,1
8000,20211218,1
8005,20211217,1
8005,20211214,1
8005,20211215,1
8005,20211216,1
8005,20211221,1
8005,20211222,1
8005,20211223,1
8005,20211228,1
8005,20211229,1
8005,20211230,1
1196,20211225,2
1196,20220101,2
2060,20211225,1
2060,20220101,1
7053,20211218,1
7053,20211219,1
7053,20211220,1
7053,20211224,1
7053,20211225,1
7053,20211226,1
7053,20211227,1
7053,20211231,1
7053,20220101,1
7053,20220102,1
7053,20220103,1
6694,20211225,2
6694,20220101,2
5425,20211219,1
5425,20211225,1
5425,20211226,1
5425,20220101,1
5425,20220102,1
3602,20211225,2
3602,20220101,2
7959,20211218,1
7959,20211224,1
7959,20211231,1
6711,20211225,1
6711,20220101,1
2458,20211225,2
2458,20220101,2
2738,20211106,1
2137,20211114,1
2137,20211121,1
6765,20211111,1
6716,20211105,2
6716,20211106,2
6766,20211108,1
6673,20211111,1
1543,20211120,2
5869,20211225,2
5869,20220101,2
2730,20211224,1
2730,20211231,1
2730,20211225,2
2730,20220101,2
4116,20211218,1
4116,20211219,1
4116,20211220,1
4116,20211224,1
4116,20211225,1
4116,20211226,1
4116,20211227,1
4116,20211231,1
4116,20220101,1
4116,20220102,1
4116,20220103,1
6771,20211224,1
6771,20211231,1
3212,20211109,1
4117,20211129,2
4117,20211122,2
6457,20211115,2
5771,20211130,1
5771,20211201,1
5771,20211202,1
5771,20211203,1
5771,20211204,1
5771,20211205,1
5771,20211206,1
5771,20211207,1
5771,20211208,1
5771,20211209,1
5771,20211210,1
5771,20211211,1
5771,20211212,1
5771,20211121,1
5771,20211122,1
5771,20211128,1
5771,20211129,1
6497,20211130,2
6497,20211202,2
7558,20211115,1
7558,20211130,1
7558,20211202,1
1090,20211111,1
6498,20211130,1
6498,20211202,1
1949,20211113,1
1949,20211114,2
5667,20211102,1
5667,20211103,1
5667,20211104,1
5667,20211105,1
5667,20211106,1
5667,20211107,1
5667,20211108,1
5667,20211109,1
5667,20211110,1
5667,20211111,1
5667,20211112,1
5667,20211113,1
5667,20211114,1
5667,20211115,1
6565,20211111,1
5517,20211111,1
258,20211111,1
6564,20211224,1
6564,20211231,1
3412,20211214,1
3412,20211215,1
3412,20211216,1
3412,20211217,1
3412,20211218,1
3412,20211219,1
3412,20211221,1
3412,20211222,1
3412,20211223,1
3412,20211224,1
3412,20211226,1
3412,20211228,1
3412,20211229,1
3412,20211230,1
3412,20211231,1
3412,20220102,1
5469,20211214,1
5469,20211215,1
5469,20211216,1
5469,20211213,1
5469,20211217,1
5469,20211218,1
5469,20211219,1
5469,20211220,1
5469,20211224,1
5469,20211225,1
5469,20211226,1
5469,20211227,1
5469,20211231,1
5469,20220101,1
5469,20220102,1
5469,20220103,1
7091,20211214,1
7091,20211215,1
7091,20211216,1
7091,20211217,1
7091,20211218,1
7091,20220104,1
7091,20220111,1
6992,20211213,1
6992,20211218,1
6992,20220101,2
6992,20211220,2
6520,20211214,1
6520,20211215,1
6520,20211216,1
6520,20211217,1
6520,20211218,1
6529,20211213,1
6529,20211214,1
6529,20211215,1
6529,20211216,1
6529,20211217,1
6529,20211218,1
6529,20211220,1
6529,20211221,1
6529,20211222,1
6529,20211223,1
6529,20211224,1
6529,20211227,1
6529,20211228,1
6529,20211229,1
6529,20211230,1
6529,20211231,1
6529,20220103,1
6540,20211221,2
6540,20211224,2
6540,20211225,2
6540,20211228,2
6540,20211231,2
6540,20220101,2
3325,20211220,2
3325,20211227,2
2536,20211221,2
2536,20211222,2
2536,20211223,2
2536,20211224,2
2536,20211225,2
2536,20211228,2
2536,20211229,2
2536,20211230,2
2536,20211231,2
2536,20220101,2
7871,20211214,1
6507,20211213,1
6507,20211218,1
6507,20220101,2
6507,20211220,2
6527,20211221,2
6527,20211225,2
6527,20211228,2
6527,20220101,2
6532,20211213,1
6532,20211214,1
6532,20211215,1
6532,20211216,1
6532,20211217,1
6532,20211218,1
6532,20211219,1
6532,20211220,1
6532,20211221,1
6532,20211222,1
6532,20211223,1
6532,20211224,1
6532,20211225,1
6532,20211227,1
6532,20211228,1
6532,20211229,1
6532,20211230,1
6532,20211231,1
6532,20220101,1
6532,20220103,1
6539,20211221,1
6539,20211228,1
6539,20211224,2
6539,20211231,2
2460,20220101,2
2460,20211220,2
2460,20211225,2
2460,20211227,2
3967,20211218,1
3967,20211219,1
3967,20211224,1
3967,20211226,1
3967,20211231,1
3967,20220102,1
5153,20211218,1
5153,20211213,1
5153,20211214,1
5153,20211215,1
5153,20211216,1
5153,20211217,1
5153,20211220,1
5153,20211221,1
5153,20211222,1
5153,20211223,1
5153,20211224,1
5153,20211227,1
5153,20211228,1
5153,20211229,1
5153,20211230,1
5153,20211231,1
5153,20220103,1
4878,20211221,2
4878,20211228,2
5854,20211221,2
5854,20211228,2
6577,20211218,1
6577,20211214,1
6577,20211215,1
6577,20211216,1
6577,20211217,1
6577,20211221,1
6577,20211222,1
6577,20211223,1
6577,20211224,1
6577,20211228,1
6577,20211229,1
6577,20211230,1
6577,20211231,1
624,20211221,2
624,20211222,2
624,20211223,2
624,20211224,2
624,20211225,2
624,20211228,2
624,20211229,2
624,20211230,2
624,20211231,2
624,20220101,2
5520,20211225,1
5520,20220101,1
5520,20211221,2
5520,20211228,2
3000,20211215,1
3000,20211216,1
3000,20211217,1
3000,20211218,1
4645,20211220,2
4645,20211227,2
3807,20211222,2
3807,20211223,2
3807,20211224,2
3807,20211229,2
3807,20211230,2
3807,20211231,2
6615,20211221,2
6615,20211222,2
6615,20211224,2
6615,20211228,2
6615,20211229,2
6615,20211231,2
1322,20211219,1
1322,20211225,1
1322,20211226,1
1322,20220101,1
1322,20220102,1
6828,20211218,1
3042,20220125,1
1544,20211224,1
1544,20211231,1
3039,20220125,2
6237,20211217,2
402,20211218,1
402,20211215,1
402,20211216,1
402,20211217,1
402,20211222,1
402,20211223,1
402,20211224,1
402,20211229,1
402,20211230,1
402,20211231,1
6051,20211229,2
6051,20211230,2
5814,20211224,1
5814,20211225,2
5814,20220101,2
4695,20211224,1
4695,20211231,1
4695,20211225,2
4695,20220101,2
6725,20211224,1
6725,20211231,1
5875,20220117,1
5876,20211218,1
5876,20211227,1
5876,20220103,1
5876,20211220,2
6689,20211224,2
6689,20211231,2
5874,20220110,1
5874,20220124,1
2244,20211224,1
2244,20211231,1
6791,20211218,1
6791,20211224,1
6791,20211231,1
6706,20211225,1
6706,20220101,1
2785,20211218,1
2785,20211219,1
2785,20211224,1
2785,20211225,1
2785,20211226,1
2785,20211231,1
2785,20220101,1
2785,20220102,1
5295,20211218,1
1362,20211224,2
1362,20211225,2
1362,20211228,2
1362,20211229,2
1362,20211230,2
1362,20211231,2
1362,20220101,2
3585,20211224,1
3585,20211231,1
3221,20211228,2
3221,20211218,2
3221,20220108,2
4809,20211103,1
4809,20211212,1
4807,20211107,2
6718,20211113,2
6556,20211217,1
6556,20211215,1
6556,20211216,1
6556,20211219,1
6556,20211222,1
6556,20211223,1
6556,20211226,1
6556,20211229,1
6556,20211230,1
6556,20220102,1
4885,20211218,1
4885,20211215,1
4885,20211222,1
4885,20211224,1
4885,20211229,1
4885,20211231,1
4885,20211217,2
307,20211111,1
6466,20211107,2
6466,20211108,2
6469,20211107,2
6469,20211108,2
6455,20211106,2
6455,20211107,2
5506,20211107,2
5506,20211205,2
5506,20211206,2
6476,20211106,2
6476,20211107,2
6811,20211218,2
6631,20211225,2
6631,20220101,2
6628,20211225,2
6628,20220101,2
5193,20211225,2
5193,20220101,2
2712,20211110,2
6741,20211231,2
6797,20211225,2
6797,20211231,2
6797,20220101,2
4381,20211225,2
4381,20220101,2
3356,20211217,1
3331,20211225,2
3331,20220101,2
6679,20211224,2
6679,20211231,2
6866,20211225,1
6866,20220101,1
6848,20211224,1
6848,20211231,1
6802,20211225,2
6802,20220101,2
6823,20211225,2
6823,20220101,2
6816,20211218,1
6816,20211219,1
6816,20211224,1
6816,20211225,1
6816,20211226,1
6816,20211231,1
6816,20220101,1
6816,20220102,1
5843,20211206,1
6164,20211225,2
6691,20211207,1
6599,20220108,1
6599,20211218,1
6599,20220115,1
3859,20211214,1
3859,20211215,1
3859,20211216,1
3859,20211217,1
3859,20211221,1
3859,20211222,1
3859,20211223,1
3859,20211228,1
3859,20211229,1
3859,20211230,1
3859,20220105,2
3537,20211224,1
3537,20211231,1
3864,20211224,1
3864,20211231,1
6588,20220124,1
6571,20211213,1
6571,20211219,1
6571,20211220,1
6571,20211225,1
6571,20211226,1
6571,20211227,1
6571,20220101,1
6571,20220102,1
6571,20220103,1
1778,20211214,1
1778,20211218,1
1760,20211219,1
1760,20211225,1
1760,20211226,1
1760,20220101,1
1760,20220102,1
1772,20220124,1
3832,20211218,1
6534,20211218,2
3948,20211219,1
3948,20211220,1
3948,20211225,1
3948,20211226,1
3948,20211227,1
3948,20220101,1
3948,20220102,1
3948,20220103,1
3949,20211218,1
3949,20211217,1
3949,20211221,1
3949,20211222,1
3949,20211223,1
3949,20211224,1
3949,20211228,1
3949,20211229,1
3949,20211230,1
3949,20211231,1
6468,20211220,1
6468,20211225,1
6468,20211227,1
6468,20220101,1
6468,20220103,1
6460,20211218,1
6460,20211220,1
6460,20211227,1
6460,20220103,1
6448,20220104,1
6448,20220105,1
6448,20220106,1
6448,20220107,1
6448,20220108,1
6448,20220110,1
6448,20220111,1
6448,20220112,1
6448,20220113,1
6448,20220114,1
6448,20220115,1
6448,20220117,1
6448,20220118,1
6453,20220125,1
6450,20211224,2
6450,20211225,2
6450,20211231,2
6450,20220101,2
4641,20211214,2
4641,20211215,2
4641,20211216,2
4641,20211217,2
4641,20211218,2
4641,20220125,2
4641,20220126,2
4641,20220127,2
4641,20220128,2
4641,20220129,2
4536,20211226,2
4536,20220102,2
5739,20220118,2
5739,20220119,2
5739,20220120,2
5739,20220121,2
5739,20220122,2
5739,20220125,2
5739,20220126,2
5739,20220127,2
5739,20220128,2
5739,20220129,2
465,20211111,2
2540,20211225,2
2540,20211226,2
2540,20220101,2
2540,20220102,2
