service_id,monday,tuesday,wednesday,thursday,friday,saturday,sunday,start_date,end_date
81,1,1,1,1,1,0,0,20201119,20201211
189,1,1,1,1,1,1,1,20201119,20201212
184,0,0,0,0,0,1,0,20201121,20201212
7864,1,1,1,1,1,0,0,20201119,20201211
7865,0,0,0,0,0,1,0,20201121,20201212
7866,1,1,1,1,1,0,0,20201214,20201218
481,0,0,0,0,1,0,1,20201120,20201211
6,1,1,1,1,1,0,1,20201119,20201211
183,1,1,1,1,1,1,0,20201119,20201212
185,0,0,0,0,0,0,1,20201122,20201206
7834,0,0,0,0,0,1,1,20201121,20201212
7867,1,1,1,1,1,0,0,20201214,20210217
7868,0,0,0,0,0,1,1,20201213,20210214
7869,1,1,1,1,1,1,1,20201213,20210217
309,1,1,1,1,1,0,0,20201214,20210217
332,1,1,1,1,1,1,0,20201214,20210217
7870,0,0,0,0,0,1,0,20201121,20201212
368,0,0,0,0,0,1,0,20201219,20210213
839,1,1,1,1,1,0,0,20201214,20210217
370,0,0,0,0,0,0,1,20201213,20210214
333,0,0,0,0,0,0,1,20201213,20210214
190,1,1,1,1,0,0,0,20201119,20201210
4229,0,0,0,0,0,1,1,20201213,20210214
548,0,0,0,0,1,0,0,20201218,20210212
4227,0,0,0,0,0,1,0,20201205,20201212
4556,1,1,1,1,1,0,0,20201201,20201211
291,1,1,1,1,0,0,0,20201214,20210217
3703,0,1,1,1,1,1,1,20201201,20201212
6619,0,0,0,0,0,0,1,20210207,20210208
2506,0,0,0,0,0,0,1,20201213,20210214
6623,0,0,0,0,1,1,0,20210205,20210206
6621,0,0,0,0,1,1,0,20201218,20210213
6620,1,1,1,1,0,0,1,20201213,20210217
4650,0,0,0,0,0,0,1,20201206,20201212
4652,1,1,1,1,1,0,0,20201214,20210217
4651,1,1,1,1,1,0,0,20201119,20201211
999,0,0,0,1,0,0,0,20201224,20201231
6634,0,0,0,0,0,0,1,20201213,20210214
402,1,1,1,1,1,0,0,20201214,20210217
4649,0,0,0,0,0,1,1,20201213,20210214
6633,1,1,1,1,1,0,0,20201201,20201211
3798,0,0,0,0,0,1,1,20201205,20201212
1350,0,0,0,0,0,1,0,20201219,20210213
426,1,1,1,1,1,1,1,20201213,20210217
5522,1,1,1,1,1,0,0,20201201,20201211
4193,0,0,0,0,0,1,1,20201205,20201212
6627,0,0,0,0,0,0,1,20201213,20210214
6638,1,1,1,0,1,0,0,20210118,20210217
6637,0,0,0,1,0,0,0,20210118,20210211
2075,1,1,1,1,1,1,0,20201201,20201212
382,0,0,0,0,0,1,1,20210206,20210207
6639,1,1,1,1,1,1,0,20201214,20210215
7874,0,0,0,0,0,1,1,20201129,20201212
6625,1,1,1,1,1,1,1,20201213,20210217
849,1,1,1,1,1,0,0,20201119,20201211
3791,1,1,1,1,1,1,0,20201201,20201212
5139,1,1,1,1,1,1,1,20201213,20210217
6642,0,1,1,0,1,1,0,20210202,20210217
3621,0,1,1,1,1,0,0,20201215,20210217
6612,1,1,1,1,1,0,1,20201213,20210217
421,0,0,0,0,0,1,0,20201219,20210213
2806,1,1,1,1,1,1,0,20201214,20210217
560,0,0,0,0,1,0,0,20201225,20210101
4734,0,0,0,0,0,1,0,20201219,20210213
1639,0,0,0,0,0,0,1,20201213,20210214
233,0,0,0,0,0,1,0,20201205,20201212
3445,0,0,0,0,0,0,1,20201213,20210214
4732,1,1,1,1,1,0,1,20210104,20210131
3202,0,0,0,0,0,1,1,20201122,20201212
4897,0,0,0,0,1,0,0,20201225,20210101
4731,1,1,1,1,1,0,0,20201201,20201211
4899,0,0,0,0,0,1,1,20201213,20210214
3622,0,1,1,1,1,0,0,20201119,20201211
4733,0,0,0,0,1,0,0,20210205,20210208
2883,0,0,0,0,0,0,1,20201213,20210214
1902,1,0,0,0,0,0,0,20201214,20210215
1636,0,0,0,0,0,0,1,20201213,20210214
7876,1,1,1,1,1,0,0,20201214,20210217
7877,1,1,1,1,1,0,0,20201201,20201211
1981,0,0,0,0,0,1,0,20201219,20210213
3737,1,1,1,1,1,0,0,20201201,20201211
3738,1,1,1,1,1,1,0,20201214,20210217
5611,0,1,1,1,1,0,0,20201201,20201211
6648,1,1,1,1,1,0,0,20201214,20210217
6666,0,0,0,0,0,1,1,20201213,20210214
6616,1,1,1,1,1,0,0,20201201,20201211
4877,0,0,0,1,1,0,0,20201119,20201120
180,1,1,1,1,1,0,0,20201123,20201211
4879,1,1,1,1,1,0,0,20201214,20210217
4161,1,1,1,0,0,0,0,20201221,20201223
261,0,0,0,0,0,1,0,20201121,20201212
6615,1,1,1,1,1,1,1,20201213,20210214
6614,1,1,1,1,1,0,0,20210201,20210217
204,1,1,1,1,1,0,0,20201123,20201127
2372,1,1,1,1,1,0,0,20201123,20201129
414,1,1,1,1,1,0,0,20201119,20201127
203,0,0,0,1,1,0,0,20201119,20201120
1121,1,1,1,1,1,0,0,20201119,20201204
802,1,1,1,1,1,0,0,20201214,20201218
2582,0,1,1,1,1,0,0,20201215,20210101
5491,1,0,0,0,1,0,0,20201120,20201127
435,1,1,1,1,1,0,0,20201119,20201127
622,0,0,1,0,1,0,0,20201120,20201127
9,0,0,0,0,1,0,0,20201120,20201211
10,1,0,0,0,0,0,0,20201123,20201207
191,0,0,0,0,0,1,1,20201121,20201212
345,1,1,1,1,0,0,0,20201119,20201210
6935,1,1,1,1,0,0,0,20201119,20201210
296,0,0,1,0,0,0,0,20210106,20210217
5238,1,1,1,1,0,0,0,20201119,20201210
324,1,1,1,1,1,0,0,20201119,20201127
6934,1,1,1,1,0,0,0,20201119,20201210
3583,1,1,1,1,1,0,0,20201119,20201204
1288,1,1,1,1,1,0,1,20201213,20210217
3,1,1,1,1,1,0,0,20201119,20201211
553,0,0,0,0,0,0,1,20201213,20210214
1517,1,1,1,1,1,0,0,20210111,20210217
6939,1,1,1,1,1,1,1,20210110,20210217
3686,1,1,1,1,1,1,1,20210111,20210217
2685,1,1,1,1,1,0,1,20210111,20210217
4801,0,0,0,0,0,1,0,20210116,20210213
6839,0,0,0,0,0,0,1,20210117,20210214
1787,1,1,1,1,1,1,0,20210111,20210217
2313,0,0,1,0,0,0,0,20201216,20210203
322,0,0,1,0,0,0,0,20201125,20201209
814,0,0,0,0,0,1,1,20201121,20201122
319,1,1,1,1,0,0,0,20201221,20201231
327,1,0,0,0,1,0,0,20201123,20201207
5566,1,1,1,1,1,0,0,20201119,20201127
346,1,1,1,1,0,0,0,20201214,20210217
334,0,0,0,0,1,0,0,20201218,20210212
2460,0,1,1,1,1,0,0,20210112,20210122
4684,1,1,0,1,1,0,0,20210208,20210216
405,0,0,0,0,0,1,1,20201213,20210214
1343,0,0,0,0,0,0,1,20201122,20201206
1243,0,0,0,0,0,1,0,20201219,20210213
2459,1,1,1,1,1,0,0,20210125,20210217
830,1,1,1,1,0,0,0,20210111,20210121
3740,1,1,1,1,1,0,0,20210125,20210217
378,0,1,1,1,1,0,0,20201119,20201211
596,0,0,0,1,0,0,0,20201119,20201210
4957,1,1,0,1,0,0,0,20201119,20201210
200,1,1,1,1,1,0,0,20201119,20201211
349,1,1,0,1,1,0,0,20201119,20201211
6714,0,0,1,0,0,0,0,20201125,20201202
7778,1,0,0,0,0,0,0,20210125,20210201
1260,1,1,1,1,1,0,0,20210125,20210205
3110,1,1,1,0,0,0,0,20210215,20210217
3688,1,0,0,0,0,0,0,20210125,20210207
7838,1,1,1,0,0,0,0,20210215,20210217
5020,1,1,1,1,1,0,0,20210104,20210205
7839,0,1,1,1,1,0,0,20210126,20210205
92,0,0,0,0,1,0,0,20201120,20201211
1242,0,0,0,1,1,0,0,20201119,20201120
7566,1,1,1,1,0,0,1,20201119,20201210
342,1,1,1,1,1,1,0,20201119,20201212
2505,1,1,1,1,1,1,1,20201119,20201212
4787,0,0,0,0,1,0,0,20201120,20201211
328,0,0,0,0,0,1,0,20201121,20201212
115,0,0,0,0,1,0,1,20201120,20201211
7608,1,1,1,1,0,1,1,20201119,20201212
114,1,1,1,1,1,0,1,20201119,20201211
186,1,1,1,1,1,0,0,20201119,20201211
153,1,1,1,1,1,0,1,20201119,20201211
686,1,1,1,1,1,0,0,20201119,20201211
2318,0,0,0,1,1,0,0,20201119,20201120
3178,1,1,1,1,1,0,0,20201119,20201203
3761,1,1,1,1,1,0,0,20201119,20201203
258,0,0,0,1,1,0,0,20201119,20201120
7598,1,1,1,1,0,0,0,20201119,20201126
7597,1,1,1,1,0,0,0,20201119,20201203
4554,0,0,0,0,0,0,1,20201122,20201206
5497,1,1,1,1,0,0,1,20201119,20201212
34,1,1,1,1,0,0,1,20201119,20201210
4262,1,1,1,1,0,0,1,20201119,20201210
4508,1,1,1,1,1,0,0,20201119,20201211
2134,1,1,1,1,0,0,0,20201119,20201210
4392,1,1,1,1,1,0,0,20201119,20201211
289,0,0,0,0,1,0,0,20201120,20201211
7600,1,1,1,1,1,0,0,20201119,20201211
2385,0,1,1,1,1,0,0,20201119,20201211
2335,0,1,1,1,0,0,0,20201215,20201231
6850,0,0,0,0,1,0,0,20201120,20201211
57,0,1,1,1,1,0,0,20201119,20201211
1068,0,0,0,0,0,1,0,20201121,20201212
1530,0,1,1,1,1,1,0,20201119,20201212
3084,0,0,0,1,1,1,0,20201119,20201121
2066,0,1,1,1,1,0,0,20201119,20201211
4757,0,1,1,1,1,0,0,20201119,20201211
178,0,0,0,1,1,0,0,20201119,20201120
2174,1,1,1,1,1,0,0,20201214,20210217
2374,0,0,0,0,0,1,1,20201213,20210214
2843,0,1,0,0,1,0,0,20201120,20201127
3047,0,0,1,0,1,0,0,20201120,20201211
3863,1,1,1,1,1,0,0,20201214,20210129
201,1,1,1,1,1,0,0,20201214,20210129
1200,0,0,0,0,0,1,1,20201205,20201206
1124,1,1,1,1,0,0,0,20201119,20201210
3925,1,1,1,1,1,0,0,20201119,20201211
2358,1,1,1,1,1,0,0,20201119,20201211
1250,1,1,1,1,1,0,0,20201119,20201211
2152,0,1,1,1,1,0,0,20201119,20201127
679,1,1,1,1,1,0,0,20201119,20201211
3822,0,1,1,1,1,0,0,20201201,20201204
684,1,1,1,1,1,0,0,20201130,20201211
339,1,0,0,0,0,0,0,20201123,20201207
2202,1,1,1,1,1,0,0,20201130,20201211
2544,1,1,1,1,1,0,0,20201119,20201211
1122,1,1,1,1,1,0,0,20201119,20201127
1038,0,0,0,0,0,1,0,20201121,20201128
4692,1,1,1,1,0,0,0,20201119,20201126
7646,1,1,1,1,0,0,0,20201119,20201126
4807,0,1,1,1,1,0,0,20201208,20201211
4020,1,1,1,1,0,0,0,20201130,20201203
205,1,1,1,1,1,0,0,20201130,20201211
637,1,1,1,1,0,0,0,20201119,20201210
6654,0,0,0,1,0,0,0,20201125,20201210
1926,1,1,1,1,1,1,0,20201119,20201212
5467,0,0,1,0,0,0,0,20201125,20201209
164,0,0,0,0,0,0,1,20201122,20201206
1123,1,1,1,1,0,0,0,20201119,20201126
268,0,0,0,1,1,0,0,20201119,20201120
4215,1,1,1,1,1,0,0,20201119,20201127
7139,1,1,1,1,1,0,0,20201130,20201204
2077,1,1,1,1,1,0,0,20201119,20201127
2884,1,1,1,1,1,0,0,20201119,20201211
7344,0,0,1,0,1,0,0,20201120,20201211
3897,0,0,0,0,0,1,1,20201121,20201122
4759,1,1,1,1,1,0,0,20201123,20201211
6949,1,1,1,1,1,0,0,20201119,20201211
7349,1,1,1,1,1,0,0,20201119,20201211
7360,1,1,1,1,1,0,0,20201119,20201211
281,0,0,0,0,0,1,0,20201121,20201212
330,1,1,0,1,1,0,0,20201119,20201211
344,0,1,1,1,1,0,0,20201119,20201211
298,1,1,1,1,0,0,0,20201123,20201210
341,1,1,1,1,0,1,0,20201221,20210102
835,1,1,1,1,1,0,0,20210201,20210205
4043,1,1,1,1,1,0,0,20210201,20210212
1305,1,1,1,1,1,0,0,20201123,20201127
398,1,1,1,1,1,0,0,20210208,20210212
2973,1,1,1,1,1,0,0,20201214,20210217
7093,0,0,1,0,0,0,0,20210127,20210203
2501,1,1,1,1,1,0,0,20210125,20210205
159,1,1,1,1,1,0,0,20201119,20201211
2470,1,1,1,1,1,0,0,20201214,20210217
7102,1,1,1,1,1,0,0,20201214,20210217
7412,0,1,1,1,1,0,0,20201119,20201127
5310,1,1,1,0,0,0,0,20201123,20201125
7159,0,0,1,0,1,0,0,20201125,20201127
3673,1,1,1,1,0,0,0,20201119,20201126
240,1,1,1,1,1,0,0,20201127,20201211
779,1,1,1,1,1,0,0,20201214,20210217
791,0,1,1,1,1,1,1,20201119,20201212
783,0,0,0,0,1,0,0,20201127,20201204
784,1,1,0,1,1,0,0,20201123,20201204
785,1,1,1,1,1,0,0,20201123,20201204
4959,0,0,0,0,0,1,0,20201226,20210102
292,1,1,1,1,1,0,0,20201214,20210217
379,0,1,1,1,1,0,0,20201215,20210217
7437,0,0,0,0,0,1,0,20201219,20210213
1593,0,0,0,0,0,1,0,20201219,20210213
371,1,0,0,0,0,0,0,20201214,20210215
293,0,0,1,0,0,0,0,20201216,20210217
297,1,1,0,1,1,0,0,20201214,20210216
348,0,0,0,0,0,1,0,20201219,20210213
340,1,0,0,0,0,0,0,20201214,20210215
367,0,0,0,0,1,0,0,20201218,20210212
3539,0,0,0,0,0,0,1,20201213,20210214
1725,0,0,0,0,1,0,0,20201218,20210212
3236,0,0,1,0,0,0,0,20201216,20210217
364,1,1,1,1,1,1,1,20201213,20210217
431,0,1,1,1,1,0,0,20201215,20210217
4653,0,0,0,0,0,0,1,20201213,20210214
3238,1,1,0,1,1,1,0,20201214,20210216
3538,0,0,0,0,1,0,1,20201220,20210103
300,0,0,0,0,0,1,0,20201219,20210213
352,0,0,1,0,0,0,0,20201216,20210217
359,1,1,1,1,0,0,0,20201221,20201231
335,0,0,0,0,0,1,0,20201219,20210213
419,0,0,0,0,1,0,0,20201218,20210212
351,0,0,1,0,0,0,0,20201223,20201230
365,1,1,0,1,1,0,0,20201214,20210216
363,1,1,1,1,0,1,0,20201214,20210217
362,1,1,1,1,0,0,0,20201214,20210217
350,1,1,0,1,1,0,0,20201214,20210216
361,0,0,1,0,0,0,0,20201216,20210217
338,0,0,0,0,1,0,0,20201218,20210212
357,1,1,0,1,0,0,0,20201214,20210216
541,1,0,0,0,0,0,0,20201130,20201207
2054,1,1,1,1,1,1,1,20201130,20201212
4390,0,1,1,1,1,1,1,20201201,20201212
7833,0,1,0,1,0,0,0,20201119,20201210
2543,1,0,1,0,1,0,0,20201120,20201211
36,1,1,1,1,1,0,0,20201119,20201211
7879,0,0,0,0,0,1,0,20201121,20201212
131,1,0,0,0,0,0,0,20201123,20201207
7880,1,1,1,1,1,1,1,20201119,20201212
2,0,0,0,0,0,0,1,20201122,20201206
1317,0,1,1,1,1,1,0,20201119,20201212
126,0,0,0,0,0,0,1,20201122,20201206
817,0,0,1,0,0,1,0,20201121,20201212
623,1,1,1,1,1,1,0,20201214,20210217
3373,0,0,1,0,0,1,0,20201216,20210217
318,1,1,1,1,1,0,1,20201213,20210217
366,1,1,1,1,1,1,1,20201119,20201212
2683,0,0,0,0,0,1,0,20201121,20201212
3239,0,0,1,0,0,0,0,20201125,20201209
3237,1,1,0,1,1,1,0,20201119,20201212
602,0,0,0,0,0,0,1,20201122,20201206
354,1,1,1,1,0,1,0,20201119,20201212
358,1,1,1,1,0,0,0,20201119,20201210
356,0,0,1,0,0,0,0,20201125,20201209
360,1,1,0,1,0,0,0,20201119,20201210
386,1,1,0,1,1,0,0,20201214,20210216
369,1,1,1,1,1,0,0,20201214,20210217
355,1,1,1,1,0,1,0,20201214,20210217
336,0,0,0,0,1,1,0,20201218,20210213
337,0,0,0,0,1,1,0,20201120,20201212
447,0,0,0,0,1,1,0,20201120,20201212
430,0,1,1,1,1,0,0,20201215,20210217
4764,0,0,0,0,1,1,0,20201218,20210213
331,1,0,0,0,0,0,0,20201214,20210215
353,1,1,1,1,1,0,1,20201213,20210217
343,1,1,1,1,1,1,0,20201214,20210217
1700,1,1,1,1,1,0,0,20201214,20210205
4310,0,0,0,0,0,1,0,20201219,20210213
2308,0,0,0,0,0,0,1,20201213,20210214
558,0,0,0,0,0,0,1,20201213,20210214
7286,1,1,0,1,1,0,0,20201214,20210205
151,0,0,1,0,0,0,0,20201125,20201209
2639,1,0,0,0,0,0,0,20201214,20210215
670,1,1,1,1,1,1,0,20201214,20210217
994,1,1,1,1,1,0,0,20201214,20210205
7552,1,1,1,1,1,1,1,20201213,20210217
2606,0,0,1,0,0,0,0,20201216,20210203
2761,0,0,0,0,1,0,1,20201120,20201211
4230,0,0,0,0,1,0,1,20201213,20210214
5096,0,0,0,0,1,0,1,20201213,20210214
1900,0,0,0,0,0,1,0,20201226,20210102
5409,0,0,0,0,1,0,1,20201220,20210103
6794,1,1,1,1,1,0,1,20201220,20210103
274,1,1,1,1,0,0,0,20201221,20201231
5377,1,1,1,1,0,1,0,20201221,20210102
4061,0,0,0,0,1,1,1,20201220,20210103
1977,0,0,0,0,0,1,1,20201121,20201212
1976,0,0,0,0,0,1,1,20201213,20210217
7561,0,0,0,0,0,1,1,20210104,20210217
874,1,1,1,1,1,0,1,20201213,20210217
7147,0,0,0,0,1,1,0,20201218,20210213
4935,1,0,0,0,1,1,1,20201213,20210215
3956,1,1,1,1,1,0,0,20201214,20210205
2304,1,1,1,1,1,1,0,20201119,20201211
7545,0,0,0,0,1,0,0,20201120,20201211
501,1,1,1,1,1,0,0,20201214,20210217
383,0,0,0,0,0,1,1,20201121,20201212
866,1,1,1,1,1,1,0,20201119,20201212
1785,1,1,1,1,0,0,1,20201213,20210217
2186,0,0,0,0,1,0,0,20201218,20210212
2751,0,0,0,0,0,1,0,20210109,20210130
764,1,1,1,1,1,1,0,20201214,20210217
758,0,0,0,0,0,1,0,20201219,20210213
752,1,1,1,1,1,0,0,20201214,20210217
760,0,0,0,0,0,0,1,20201213,20210214
798,1,1,1,1,1,0,0,20201214,20210217
403,1,1,1,1,1,1,0,20201119,20201212
3153,1,1,1,1,1,1,0,20201119,20201212
792,1,1,1,1,1,1,0,20201214,20210217
793,1,1,1,1,1,1,0,20201119,20201212
809,0,0,0,0,0,1,0,20201130,20201212
2518,0,0,0,0,0,0,1,20201213,20210214
4564,1,0,0,0,0,0,0,20201214,20210215
2750,0,0,0,0,0,0,1,20201213,20210131
3667,0,0,0,0,1,0,0,20201218,20210205
21,1,1,1,1,0,0,0,20201119,20201210
1567,1,1,1,1,0,0,0,20201214,20210217
3884,1,1,1,1,0,0,0,20201214,20210217
2908,0,0,0,0,0,0,1,20201213,20210214
1971,1,1,1,1,1,1,0,20201214,20210217
3741,0,0,0,0,0,1,0,20201219,20210213
211,1,1,1,1,1,0,0,20201214,20210217
1032,0,0,0,0,0,1,0,20201219,20210213
1022,0,0,0,0,0,0,1,20201213,20210214
275,0,0,0,0,1,0,0,20201218,20210212
1788,0,0,1,0,0,1,0,20201121,20201212
1046,0,0,0,0,0,1,0,20201219,20210213
1023,0,0,0,0,0,1,1,20201121,20201212
1033,1,1,1,1,1,1,1,20201119,20201212
395,1,1,1,1,0,1,1,20201119,20201212
1961,0,0,1,0,0,1,0,20201121,20201212
453,0,1,1,1,0,0,0,20201119,20201210
640,1,1,1,1,1,0,1,20201119,20201211
7881,1,1,0,1,1,0,0,20201119,20201211
7882,0,0,1,0,0,0,0,20201125,20201209
7883,1,1,0,1,1,0,0,20201214,20201218
3274,1,0,0,0,0,0,0,20201123,20201207
3883,1,1,1,1,0,0,0,20201119,20201210
5507,1,1,0,1,1,0,0,20201130,20201211
5506,1,1,0,1,1,0,0,20201119,20201127
5009,0,1,1,1,1,0,0,20201119,20201211
5343,0,0,0,1,1,0,0,20201119,20201124
5344,1,1,1,1,1,0,0,20201125,20201211
5484,1,1,1,1,1,0,0,20201119,20201211
5561,0,1,0,0,1,1,0,20201120,20201212
3681,0,0,1,0,1,0,0,20201120,20201209
3680,1,1,0,1,1,0,0,20201119,20201211
2426,1,1,0,0,1,0,0,20201120,20201211
3899,0,0,1,1,1,0,0,20201119,20201211
2681,1,0,0,0,0,0,0,20201214,20210201
2247,0,0,0,0,1,0,0,20201218,20210205
4917,1,1,1,1,1,0,1,20201228,20210205
578,1,1,0,1,1,0,0,20201214,20210212
583,0,0,1,0,0,0,0,20201216,20210210
571,1,1,1,1,1,0,0,20201214,20210212
5316,1,1,1,1,1,1,1,20201119,20201212
2708,1,1,1,1,1,1,0,20201214,20210217
2223,1,1,1,1,1,1,1,20201213,20210217
1491,0,0,0,0,0,0,1,20201213,20210214
3140,0,0,0,0,0,1,0,20201219,20210213
2491,0,0,0,0,0,0,1,20201213,20210207
4803,1,1,1,1,0,1,0,20201214,20210217
2762,0,0,0,0,1,0,1,20201213,20210214
3525,1,1,1,1,0,1,1,20201213,20210217
5391,0,0,0,0,0,0,1,20201220,20210103
5214,1,1,1,1,1,0,0,20201214,20210205
2592,1,1,1,1,0,0,0,20201214,20210217
2842,1,1,0,1,1,0,0,20201214,20210205
2015,0,0,0,0,0,0,1,20201213,20210214
4543,0,0,0,0,1,0,0,20201218,20210205
3146,0,0,0,0,0,0,1,20201213,20210214
3172,1,1,1,1,1,0,0,20201214,20210205
1716,1,1,1,1,1,0,0,20201214,20210217
5144,1,0,0,0,0,0,0,20201214,20210201
401,1,1,1,1,1,0,0,20201214,20210217
4713,1,1,1,1,1,0,0,20201214,20210217
2111,1,1,1,1,0,1,0,20201228,20210102
2109,1,1,1,1,1,1,0,20201214,20210217
2110,1,1,1,1,1,1,0,20201119,20201212
1901,0,1,1,1,1,0,0,20201215,20210217
7887,1,1,1,1,1,1,1,20201119,20201212
4413,0,0,1,0,1,1,0,20201120,20201212
4412,0,0,1,0,1,1,0,20201216,20210217
7076,1,1,1,1,1,0,0,20201130,20201211
7079,1,1,1,1,1,1,0,20201119,20201212
7090,1,1,1,1,1,1,0,20201119,20201212
6980,0,0,0,0,1,1,0,20201218,20210213
6051,0,0,0,0,1,1,1,20201213,20210214
3826,0,0,0,0,1,1,1,20201120,20201212
4160,1,1,1,1,0,0,0,20201214,20210217
2205,1,1,0,1,1,0,0,20201214,20210207
7078,1,1,0,1,1,1,1,20201213,20210216
1691,0,0,1,0,0,0,0,20201216,20210217
7077,1,1,0,1,1,1,1,20201119,20201212
4301,1,1,1,1,0,1,1,20201213,20210217
4300,1,1,1,1,0,1,1,20201119,20201212
7137,0,0,0,0,0,1,1,20201213,20210217
2021,0,0,0,0,1,0,1,20201213,20210217
2022,0,0,0,0,1,0,1,20201120,20201211
7136,0,0,0,0,1,0,0,20201120,20201211
7134,0,0,0,0,1,0,0,20201218,20210207
4435,0,0,0,0,1,0,1,20201120,20201211
4185,0,0,0,0,0,0,1,20201122,20201206
4969,1,0,0,0,0,0,0,20201214,20210201
4970,0,1,1,1,1,1,1,20201213,20210217
4184,0,0,0,0,0,0,1,20201213,20210214
1056,1,0,0,0,0,0,0,20201123,20201207
2293,1,1,1,1,1,0,0,20201119,20201211
4281,1,1,1,1,1,0,0,20201119,20201211
3002,1,1,1,1,1,0,0,20201214,20210217
2121,1,1,1,1,1,0,0,20201214,20210217
7145,0,0,0,0,1,0,1,20201120,20201211
7146,0,0,0,0,1,0,1,20201228,20210205
4655,0,1,1,1,1,1,0,20201119,20201212
7148,0,1,1,1,1,1,0,20201215,20210217
7153,0,1,1,1,1,0,0,20201119,20201211
6837,1,1,1,1,1,1,1,20201213,20210217
7156,1,1,1,1,0,1,1,20201213,20210217
3179,1,1,1,1,1,0,0,20201204,20201211
7157,1,1,1,1,1,1,0,20201119,20201203
6915,0,0,0,0,0,0,1,20201213,20210131
4190,1,1,1,1,0,0,0,20201214,20210128
4191,1,1,1,1,0,0,0,20201119,20201210
2591,1,1,0,1,0,0,0,20201119,20201210
2590,1,1,0,1,0,0,0,20201214,20210204
769,1,1,1,1,1,0,0,20201214,20210217
775,0,0,0,0,0,1,1,20201213,20210214
782,1,1,0,1,1,0,0,20201214,20210216
796,0,0,0,0,1,0,0,20201218,20210212
797,1,1,1,1,0,0,0,20201214,20210217
800,0,0,0,0,0,0,1,20201213,20210214
801,0,0,0,0,0,1,0,20201219,20210213
688,1,1,1,1,1,0,0,20201214,20210217
5595,1,1,1,1,1,0,0,20201214,20210217
900,0,0,1,0,0,0,0,20201119,20201211
824,1,1,0,1,1,0,0,20201214,20210216
820,1,1,0,1,0,0,0,20201221,20201231
795,0,0,0,0,0,0,1,20201213,20210214
774,0,0,0,0,0,0,1,20201213,20210214
2772,0,0,0,0,1,1,0,20201218,20210213
1957,0,0,0,0,0,0,1,20201129,20201206
811,0,0,0,0,0,1,0,20201128,20201212
815,1,1,1,1,1,0,0,20201123,20201211
813,0,0,0,1,1,0,0,20201119,20201120
816,0,0,0,0,0,1,1,20201128,20201212
7535,1,1,1,1,1,1,0,20201214,20210217
3343,1,1,1,1,0,0,0,20201221,20201231
818,0,0,1,0,0,1,0,20201216,20210217
819,0,0,1,0,0,1,0,20201216,20210217
664,1,1,1,1,1,0,0,20201119,20201211
7718,0,0,0,0,1,0,0,20201218,20210212
590,1,1,0,1,0,0,0,20201119,20201210
6605,1,1,1,1,1,1,0,20201201,20201212
6653,1,1,1,1,1,1,1,20201213,20210217
4470,1,1,1,1,1,0,0,20201214,20210217
210,0,0,0,0,0,1,1,20201205,20201212
6655,1,1,1,1,1,1,1,20201213,20210217
6603,0,1,1,1,1,1,1,20201201,20201212
6604,1,1,1,1,1,1,1,20201213,20210217
5346,1,1,1,1,0,1,0,20201201,20201212
5349,1,1,1,1,0,1,1,20201213,20210217
6668,0,0,0,0,1,0,0,20201218,20210212
7315,0,0,0,0,0,0,1,20201213,20210214
471,0,0,0,0,1,0,0,20201204,20201211
1777,1,1,1,1,1,1,0,20201201,20201212
4978,1,1,1,1,1,1,0,20201214,20210217
5347,0,0,0,0,1,0,0,20201218,20210212
1778,1,1,1,1,1,1,1,20201213,20210217
3056,0,0,0,0,0,1,1,20201213,20210214
3054,1,1,1,1,1,0,0,20201214,20210217
5023,1,1,1,1,1,0,0,20201214,20210217
4792,1,1,1,1,1,1,1,20201119,20201212
3053,1,1,1,1,1,0,0,20201214,20210217
2271,0,1,1,1,1,0,0,20201215,20210212
2221,1,1,1,1,1,1,0,20201201,20201212
5114,0,0,0,0,0,0,1,20201213,20210214
6656,1,1,1,1,1,0,1,20201213,20210214
6659,1,1,1,0,0,0,0,20210215,20210217
1160,1,0,0,0,0,0,0,20201214,20210208
2269,0,1,1,1,1,0,0,20201201,20201211
2268,0,1,1,0,0,0,0,20210216,20210217
5149,1,1,1,1,1,1,1,20201119,20201212
3799,1,1,1,0,0,0,0,20210215,20210217
5151,1,1,1,0,0,0,0,20210215,20210217
6678,1,1,1,0,0,0,0,20210215,20210217
3802,1,1,1,1,1,1,1,20201213,20210214
4536,1,1,1,1,1,1,0,20201201,20201212
6680,0,1,1,0,0,0,0,20201215,20201216
7572,1,1,1,1,1,0,0,20201214,20210212
7571,1,1,1,0,0,0,0,20210215,20210217
3939,0,0,0,0,0,1,0,20201219,20210213
6681,1,1,1,1,1,1,0,20201214,20210213
4534,0,0,0,0,1,1,1,20201204,20201206
1647,1,1,1,1,1,0,0,20201207,20201211
5199,0,1,1,1,1,0,0,20201126,20201204
5202,1,1,1,1,1,0,0,20210104,20210207
1419,0,0,0,0,0,0,1,20201213,20210214
5198,0,0,0,0,0,1,0,20210102,20210206
2116,1,1,1,1,1,0,0,20201204,20201211
2115,0,1,0,1,0,0,0,20201126,20201203
6607,0,0,0,0,0,0,1,20201213,20210207
2118,0,0,0,0,0,1,0,20210109,20210206
2120,1,1,1,1,1,0,0,20210104,20210207
1337,1,1,1,1,1,1,1,20201213,20210217
4805,1,1,1,1,1,1,1,20201213,20210217
4494,0,0,0,0,0,1,1,20201213,20210214
6646,1,1,1,1,1,0,1,20201213,20210217
4312,0,1,1,1,1,1,1,20201201,20201212
3367,0,1,1,1,1,0,1,20201201,20201211
6685,1,1,1,1,1,1,1,20201119,20201130
6684,0,0,1,0,0,0,0,20210106,20210217
6687,1,1,0,1,1,1,1,20201213,20210216
4254,1,1,1,1,1,1,0,20201214,20210217
4806,1,1,1,1,1,1,1,20201119,20201130
5532,0,1,1,1,1,1,1,20201201,20201212
5533,1,1,1,0,0,0,0,20210215,20210217
5530,1,1,1,1,1,1,1,20201213,20210214
1520,0,0,0,0,1,0,0,20210108,20210212
6632,1,1,1,1,0,1,1,20201213,20210217
509,0,0,0,1,0,0,0,20201224,20201231
1034,0,0,0,0,1,0,0,20201120,20201211
6590,1,1,1,1,0,1,1,20201119,20201212
6592,1,1,1,1,1,1,1,20201213,20210217
6610,0,0,1,1,0,0,0,20210210,20210211
2782,1,1,1,0,0,0,0,20210215,20210217
6611,1,1,1,1,1,1,1,20201213,20210214
1405,0,0,0,0,1,0,0,20201218,20210212
1406,0,0,0,0,0,1,0,20201219,20210102
1403,0,0,0,0,0,0,1,20201213,20210214
1402,0,0,0,0,0,1,0,20210109,20210124
1410,1,1,1,1,0,0,0,20201214,20210211
1401,1,1,1,1,0,0,0,20201201,20201210
6582,0,0,0,0,1,0,0,20201218,20210217
6585,0,0,0,0,0,0,1,20201213,20210214
6587,1,1,1,1,0,0,0,20201201,20201210
6586,1,1,1,1,0,0,0,20201214,20210211
6584,0,0,0,0,0,1,0,20210109,20210123
