service_id,monday,tuesday,wednesday,thursday,friday,saturday,sunday,start_date,end_date
8039,0,1,1,0,0,0,0,2020-01-11,2020-01-12
8040,1,0,0,1,0,0,0,2020-01-11,2020-01-12
467,0,0,0,0,1,0,0,2020-01-10,2020-01-21
8041,0,0,0,0,1,0,0,2020-01-10,2020-01-21
249,0,0,0,0,0,1,0,2020-01-10,2020-01-21
8043,1,1,1,1,0,0,0,2020-01-10,2020-01-21
8044,1,1,1,1,0,0,0,2020-01-10,2020-01-21
8045,1,1,1,1,0,1,1,2020-01-10,2020-01-21
1418,0,0,0,0,1,0,0,2020-01-10,2020-01-11
1265,0,0,0,0,1,0,0,2020-01-12,2020-01-21
8046,0,0,0,0,0,1,0,2020-01-10,2020-01-20
8047,0,0,0,0,1,1,1,2020-01-10,2020-01-21
8048,0,0,0,0,0,0,1,2020-01-10,2020-01-20
8049,0,0,0,0,1,0,0,2020-01-10,2020-01-21
8050,0,1,1,1,1,0,0,2020-01-10,2020-01-21
8051,0,0,0,0,0,0,1,2020-01-10,2020-01-20
8052,1,1,1,1,0,0,0,2020-01-10,2020-01-21
8053,1,1,1,1,0,0,0,2020-01-10,2020-01-21
8054,1,0,0,0,0,0,0,2020-01-10,2020-01-20
8056,1,1,1,1,0,0,0,2020-01-10,2020-01-21
8057,1,1,1,1,0,0,0,2020-01-10,2020-01-21
8058,0,0,0,0,1,0,0,2020-01-12,2020-01-20
8059,0,0,0,0,0,0,1,2020-01-10,2020-01-20
8060,0,0,0,0,0,1,0,2020-01-10,2020-01-20
8062,0,0,0,0,1,1,1,2020-01-10,2020-01-21
8064,1,0,0,0,0,0,0,2020-01-10,2020-01-10
8065,0,0,0,0,1,0,0,2020-01-10,2020-01-21
8066,0,1,1,1,1,0,0,2020-01-10,2020-01-21
8067,1,1,1,1,0,1,0,2020-01-10,2020-01-21
8068,1,0,0,0,1,0,1,2020-01-10,2020-01-21
4217,0,0,0,1,0,0,0,2020-01-10,2020-01-21
8069,1,0,0,0,0,0,0,2020-01-10,2020-01-20
8070,1,0,0,0,0,0,0,2020-01-11,2020-01-20
172,0,1,1,1,1,0,0,2020-01-10,2020-01-21
8071,0,0,0,0,1,1,0,2020-01-10,2020-01-21
8072,0,1,1,1,0,1,1,2020-01-10,2020-01-21
8073,1,1,1,0,0,0,0,2020-01-10,2020-01-20
8074,0,1,1,1,0,0,0,2020-01-10,2020-01-21
8075,0,1,1,1,0,1,0,2020-01-10,2020-01-21
2,0,0,0,0,0,0,1,2020-01-10,2020-01-20
8076,1,0,0,1,0,0,0,2020-01-10,2020-01-11
1550,0,0,0,0,1,0,1,2020-01-12,2020-01-21
8077,0,0,0,0,1,0,1,2020-01-10,2020-01-11
8078,1,0,0,0,0,0,0,2020-01-10,2020-01-20
8079,1,0,0,0,1,0,1,2020-01-10,2020-01-21
8080,0,1,1,1,0,0,0,2020-01-10,2020-01-11
8081,1,0,0,0,1,0,0,2020-01-10,2020-01-21
8082,1,0,0,0,0,0,0,2020-01-10,2020-01-20
8083,0,1,1,1,0,0,0,2020-01-11,2020-01-21
8084,0,0,0,1,1,0,0,2020-01-10,2020-01-21
8085,1,1,1,1,0,0,0,2020-01-10,2020-01-21
8087,0,1,1,1,0,0,1,2020-01-10,2020-01-21
8088,0,0,0,0,0,0,1,2020-01-10,2020-01-20
8089,1,0,0,0,0,0,0,2020-01-10,2020-01-20
829,1,1,1,1,1,0,0,2020-01-11,2020-01-21
5889,1,1,1,1,0,0,1,2020-01-10,2020-01-21
1818,1,1,1,1,1,0,0,2020-01-10,2020-01-11
8090,0,1,1,1,1,0,0,2020-01-10,2020-01-21
236,0,0,0,0,0,0,1,2020-01-12,2020-01-20
8091,0,0,0,0,1,0,0,2020-01-12,2020-01-21
184,0,0,0,0,0,0,1,2020-01-10,2020-01-11
8092,1,1,1,1,0,0,0,2020-01-10,2020-01-11
8093,1,1,1,1,0,0,0,2020-01-11,2020-01-21
8094,0,0,0,0,1,1,1,2020-01-10,2020-01-11
8095,1,0,0,0,0,1,1,2020-01-10,2020-01-21
8096,0,0,0,0,1,1,1,2020-01-12,2020-01-21
8097,1,1,1,1,0,1,1,2020-01-10,2020-01-21
8098,1,0,0,0,0,0,0,2020-01-10,2020-01-20
8099,0,1,1,1,1,0,0,2020-01-10,2020-01-21
8100,0,1,1,1,1,0,0,2020-01-11,2020-01-21
8101,0,1,1,1,1,0,0,2020-01-10,2020-01-11
2909,1,1,1,1,0,0,0,2020-01-10,2020-01-11
1350,1,1,1,1,0,0,0,2020-01-11,2020-01-21
8103,1,0,0,0,0,0,0,2020-01-10,2020-01-10
9,0,0,0,0,0,1,0,2020-01-10,2020-01-20
8104,0,0,0,0,0,1,1,2020-01-10,2020-01-11
8105,1,0,0,0,0,0,0,2020-01-11,2020-01-20
3062,0,0,0,0,1,1,1,2020-01-12,2020-01-21
8106,0,0,0,0,1,0,0,2020-01-10,2020-01-21
8107,1,1,1,0,0,0,0,2020-01-10,2020-01-20
8108,0,0,0,0,1,0,0,2020-01-10,2020-01-11
8109,0,0,0,0,1,0,0,2020-01-12,2020-01-21
8110,0,1,1,1,0,1,0,2020-01-10,2020-01-21
8111,0,1,1,1,0,0,0,2020-01-11,2020-01-21
8112,0,1,0,0,1,0,0,2020-01-10,2020-01-11
8113,0,1,1,1,1,0,0,2020-01-10,2020-01-11
8116,0,1,0,0,1,0,0,2020-01-11,2020-01-21
8117,1,0,1,1,0,1,0,2020-01-10,2020-01-11
8119,0,1,1,1,0,0,0,2020-01-10,2020-01-11
8120,1,0,1,1,0,1,0,2020-01-11,2020-01-21
8121,0,1,1,1,0,0,0,2020-01-10,2020-01-21
8122,0,1,1,1,0,0,0,2020-01-11,2020-01-21
8123,0,1,1,1,1,0,0,2020-01-11,2020-01-21
266,0,0,0,0,0,1,0,2020-01-12,2020-01-21
6036,0,0,0,0,0,0,1,2020-01-10,2020-01-20
8124,0,1,1,1,0,0,0,2020-01-10,2020-01-11
8125,1,0,0,0,1,1,0,2020-01-10,2020-01-21
8126,1,1,1,1,0,0,1,2020-01-10,2020-01-21
8127,1,0,0,0,1,0,1,2020-01-10,2020-01-21
8128,1,1,1,1,0,0,0,2020-01-11,2020-01-21
8129,1,1,1,1,0,0,0,2020-01-10,2020-01-11
5988,0,0,0,0,0,0,1,2020-01-10,2020-01-11
5984,0,0,0,0,0,0,1,2020-01-12,2020-01-20
8130,1,0,1,1,0,0,0,2020-01-11,2020-01-21
8131,0,1,0,0,1,0,0,2020-01-11,2020-01-21
8132,1,0,0,0,0,0,0,2020-01-11,2020-01-20
8133,0,0,0,0,0,0,1,2020-01-10,2020-01-11
8135,1,0,0,0,0,1,1,2020-01-10,2020-01-11
8136,1,0,0,0,1,1,1,2020-01-11,2020-01-21
8137,0,1,0,0,1,0,0,2020-01-10,2020-01-11
8138,0,1,1,1,0,0,0,2020-01-10,2020-01-21
8139,1,0,0,0,0,0,0,2020-01-10,2020-01-10
8140,0,0,0,1,0,0,1,2020-01-10,2020-01-21
8142,1,0,0,0,0,0,0,2020-01-11,2020-01-20
8143,1,0,0,0,0,0,0,2020-01-10,2020-01-10
8144,1,0,0,1,0,0,0,2020-01-10,2020-01-11
2033,1,1,1,1,1,1,0,2020-01-11,2020-01-21
2578,1,1,1,1,1,1,0,2020-01-10,2020-01-11
8145,1,1,1,1,1,1,0,2020-01-10,2020-01-11
993,1,1,1,1,1,1,0,2020-01-11,2020-01-21
2866,1,1,1,1,1,0,1,2020-01-11,2020-01-21
8146,1,1,0,0,0,0,0,2020-01-10,2020-01-10
8147,1,1,1,1,1,0,1,2020-01-10,2020-01-11
2385,1,1,1,1,1,1,1,2020-01-11,2020-01-21
8148,1,1,1,1,1,1,1,2020-01-10,2020-01-11
6850,1,1,0,0,0,0,0,2020-01-10,2020-01-10
6851,1,1,1,1,1,1,1,2020-01-10,2020-01-11
8149,1,1,0,0,0,0,0,2020-01-10,2020-01-10
8150,1,1,1,1,1,1,0,2020-01-10,2020-01-11
8151,1,1,1,1,0,0,0,2020-01-10,2020-01-21
6818,0,0,0,0,1,1,0,2020-01-10,2020-01-21
8152,0,0,0,0,0,0,1,2021-10-11,2021-10-12
8153,0,0,0,0,1,1,0,2021-10-10,2021-10-13
8154,0,0,0,0,0,0,1,2020-01-21,2021-10-12
8155,0,0,0,0,0,0,1,2020-01-21,2021-10-10
323,0,0,0,0,0,1,0,2020-01-21,2021-10-13
326,0,0,0,0,1,0,0,2021-10-10,2021-10-12
576,0,0,0,0,0,0,1,2020-01-21,2021-10-12
788,0,0,0,0,1,0,0,2020-01-22,2021-10-10
1663,1,0,0,0,0,0,1,2020-01-21,2021-10-12
8156,0,0,0,0,0,1,0,2021-10-10,2021-10-13
564,0,0,0,0,1,0,0,2021-10-10,2021-10-12
533,0,0,0,1,0,0,0,2020-01-22,2020-01-23
8157,0,0,0,0,1,1,0,2020-01-21,2021-10-10
410,0,1,1,1,0,0,0,2021-10-10,2021-10-12
3113,1,0,0,0,0,0,0,2020-01-21,2021-10-12
8158,0,1,1,1,0,0,0,2021-10-10,2021-10-12
8159,1,1,1,1,0,0,0,2020-01-21,2021-10-12
1587,0,0,0,0,1,0,0,2021-10-10,2021-10-12
1591,0,0,0,1,0,0,0,2020-01-21,2020-01-23
8160,0,0,0,0,0,0,1,2020-01-21,2021-10-12
8161,0,0,0,0,1,1,1,2020-01-21,2021-10-13
8162,0,0,0,0,1,0,1,2021-10-10,2021-10-12
8163,0,0,0,1,0,0,1,2020-01-21,2021-10-10
1824,1,1,1,1,1,0,0,2020-01-21,2020-01-23
263,0,0,0,0,0,1,0,2020-01-10,2020-01-11
2153,0,0,0,0,0,1,0,2021-10-10,2021-10-13
8164,1,1,1,1,0,0,0,2020-01-21,2021-10-12
8165,0,0,0,0,0,1,0,2021-10-10,2021-10-13
1149,1,1,1,1,1,0,0,2021-10-10,2021-10-12
2319,0,0,0,0,1,1,0,2020-01-21,2021-10-10
1593,1,1,1,1,0,0,0,2020-01-21,2020-01-23
6244,1,1,1,1,0,0,0,2021-10-10,2021-10-12
8166,0,0,0,0,1,1,0,2020-01-21,2021-10-10
8167,1,1,1,1,1,0,0,2020-01-21,2021-10-12
8168,0,0,0,0,1,0,0,2021-10-10,2021-10-12
4251,0,0,0,0,1,1,0,2020-01-21,2021-10-10
8169,1,1,1,1,0,1,0,2021-10-10,2021-10-13
8170,0,0,0,0,1,0,0,2021-10-10,2021-10-12
8171,1,1,1,0,1,1,0,2020-01-21,2021-10-10
8172,1,1,1,1,0,1,1,2020-01-21,2021-10-13
8173,0,0,0,0,1,0,1,2021-10-10,2021-10-12
8174,0,0,0,0,0,1,1,2020-01-21,2021-10-13
8175,0,0,0,1,0,0,1,2020-01-21,2021-10-10
399,0,0,0,0,0,0,1,2020-01-21,2021-10-12
8176,0,1,1,1,1,1,1,2020-01-21,2021-10-10
8177,0,0,0,0,1,0,0,2021-10-10,2021-10-12
8178,1,1,1,0,1,1,0,2020-01-21,2021-10-10
8179,0,0,0,0,0,0,1,2020-01-21,2021-10-12
8180,1,1,1,1,0,1,0,2021-10-10,2021-10-13
8181,0,1,1,1,1,1,1,2021-10-10,2021-10-13
4619,0,0,0,0,0,0,1,2021-10-11,2021-10-12
8182,1,1,1,1,0,1,1,2020-01-21,2021-10-13
4620,0,0,0,0,0,0,1,2020-01-21,2021-10-10
8183,1,0,0,0,0,0,0,2021-10-10,2021-10-12
8184,1,0,0,0,0,0,0,2020-01-21,2020-01-22
8185,0,0,0,1,0,0,1,2020-01-21,2021-10-10
8186,0,0,0,0,0,0,1,2021-10-11,2021-10-12
3194,1,1,1,1,1,1,0,2020-01-10,2020-01-21
57,0,0,0,0,0,0,1,2020-01-10,2020-01-20
1098,0,0,0,0,1,0,0,2020-01-10,2020-01-21
322,1,1,1,1,1,0,0,2020-01-12,2020-01-12
1722,1,1,1,1,1,0,0,2020-01-20,2020-01-21
8187,0,0,0,0,0,0,1,2020-01-10,2020-01-20
3085,1,0,1,1,1,0,0,2020-01-13,2020-01-20
8188,1,1,1,1,0,1,0,2020-01-10,2020-01-21
3095,1,1,1,1,0,0,0,2020-01-10,2020-01-11
3096,0,1,1,1,1,0,0,2020-01-11,2020-01-12
6324,0,0,0,0,0,1,1,2020-01-10,2020-01-21
8190,1,1,1,1,0,0,0,2020-01-10,2020-01-21
6,0,0,0,0,1,0,0,2020-01-10,2020-01-21
8191,1,1,1,1,0,0,0,2020-01-10,2020-01-21
6034,0,0,0,0,1,0,0,2020-01-11,2020-01-21
166,0,0,0,0,0,1,1,2020-01-11,2020-01-11
8192,0,0,0,0,1,0,0,2020-01-10,2020-01-21
8193,1,1,1,1,0,0,0,2020-01-10,2020-01-21
5798,1,1,1,1,1,1,1,2020-01-10,2020-01-21
6422,0,0,0,0,1,1,1,2020-01-10,2020-01-21
6033,0,0,0,0,0,0,1,2020-01-10,2020-01-12
3347,1,1,1,1,1,1,1,2020-01-10,2020-01-21
8194,0,0,0,0,1,0,0,2020-01-10,2020-01-21
3087,0,0,0,0,0,1,1,2020-01-11,2020-01-21
3343,0,0,0,0,0,0,1,2020-01-11,2020-01-11
3342,1,1,1,1,1,0,1,2020-01-11,2020-01-21
7813,0,0,0,0,0,1,0,2020-01-12,2020-01-20
5139,1,1,1,1,1,0,0,2020-01-10,2020-01-21
3738,0,0,0,0,0,0,1,2020-01-12,2020-01-20
282,0,0,0,0,0,1,0,2020-01-20,2020-01-21
1084,0,0,0,0,0,1,0,2020-01-11,2020-01-12
8195,0,0,0,0,1,0,0,2020-01-10,2020-01-21
1061,0,0,0,0,0,1,0,2020-01-11,2020-01-21
55,1,1,1,1,1,0,0,2020-01-10,2020-01-21
110,0,0,0,0,0,0,1,2020-01-10,2020-01-20
8196,1,1,1,1,0,0,0,2020-01-10,2020-01-21
6354,1,1,1,1,1,1,0,2020-01-10,2020-01-21
5576,1,1,1,1,1,0,0,2020-01-10,2020-01-21
8197,0,0,0,0,0,1,0,2020-01-11,2020-01-12
79,1,1,1,1,1,0,0,2020-01-10,2020-01-21
658,1,0,0,0,0,0,0,2020-01-10,2020-01-20
3156,0,0,0,0,0,1,1,2020-01-10,2020-01-21
6391,0,0,0,0,1,0,1,2020-01-10,2020-01-21
5498,0,0,0,0,0,0,1,2020-01-10,2020-01-12
6439,1,1,1,1,1,1,0,2020-01-10,2020-01-12
4195,0,0,0,0,1,0,0,2020-01-11,2020-01-12
8199,0,0,0,0,0,1,0,2020-01-20,2020-01-21
5,1,1,1,1,1,0,0,2020-01-10,2020-01-21
6372,1,1,1,1,1,1,1,2020-01-10,2020-01-21
1243,0,0,0,0,0,0,1,2020-01-11,2020-01-20
6371,0,1,1,0,0,0,0,2020-01-11,2020-01-11
1114,1,1,1,1,1,1,1,2020-01-21,2021-10-13
8200,1,1,1,1,1,0,0,2020-01-21,2021-10-12
8201,0,0,0,0,1,0,0,2021-10-10,2021-10-12
1186,1,1,1,1,1,0,0,2020-01-21,2021-10-12
8202,0,0,0,0,0,1,1,2020-01-21,2021-10-13
1156,0,0,0,0,0,0,1,2020-01-21,2021-10-12
8203,1,1,1,1,0,0,0,2020-01-21,2021-10-12
8204,0,0,0,0,1,0,0,2020-01-22,2021-10-10
8205,0,0,0,0,0,1,0,2020-01-21,2021-10-10
7096,1,1,1,1,1,1,1,2020-01-21,2021-10-13
1430,0,0,0,0,0,1,0,2020-01-21,2021-10-10
2051,0,0,0,0,0,0,1,2020-01-22,2021-10-11
8206,1,0,0,0,0,1,0,2020-01-21,2021-10-13
8207,0,1,1,1,1,0,0,2021-10-10,2021-10-12
8208,1,1,1,1,1,1,0,2021-10-10,2021-10-13
8209,0,1,1,1,0,0,0,2021-10-10,2021-10-12
8210,1,1,1,1,1,1,0,2020-01-21,2021-10-10
8211,0,1,1,1,0,0,0,2021-10-10,2021-10-12
8212,0,0,0,0,0,0,1,2020-01-21,2021-10-10
8213,0,0,0,0,0,0,1,2021-10-11,2021-10-12
8214,1,0,0,0,0,0,0,2020-01-21,2021-10-12
392,1,1,1,1,1,1,1,2020-01-21,2021-10-13
8215,0,0,0,0,0,1,1,2020-01-21,2021-10-13
8216,1,1,1,1,0,0,0,2020-01-21,2021-10-12
8217,1,1,1,1,0,0,1,2020-01-21,2021-10-12
8218,0,0,0,0,1,0,0,2021-10-10,2021-10-12
401,0,0,0,0,0,0,1,2020-01-21,2021-10-12
8219,1,0,0,0,1,1,1,2020-01-21,2021-10-13
1284,0,0,0,0,0,1,0,2021-10-10,2021-10-13
511,1,1,1,1,0,1,1,2020-01-21,2021-10-13
8220,0,1,1,1,0,0,0,2021-10-10,2021-10-12
8221,0,0,1,1,0,0,0,2020-01-21,2020-01-23
8222,1,1,1,1,1,1,0,2020-01-21,2021-10-13
2489,0,0,0,0,1,0,0,2021-10-10,2021-10-12
8223,0,0,1,1,1,0,0,2021-10-10,2021-10-12
8224,1,1,1,1,0,0,1,2020-01-21,2021-10-12
1272,0,0,0,0,1,0,1,2020-01-21,2021-10-12
3489,0,0,0,0,0,1,0,2020-01-21,2021-10-13
3660,0,0,0,0,1,0,1,2021-10-10,2021-10-12
8225,1,1,0,0,1,1,1,2020-01-21,2021-10-10
8226,1,1,0,0,0,1,1,2021-10-10,2021-10-13
406,1,1,1,1,0,0,0,2020-01-21,2021-10-12
8227,0,0,0,0,0,0,1,2020-01-21,2021-10-12
2024,0,0,0,0,1,1,1,2020-01-21,2021-10-13
8228,1,0,0,0,1,1,1,2020-01-21,2021-10-13
1148,1,1,1,1,1,1,0,2021-10-10,2021-10-13
8229,1,1,1,1,0,0,0,2020-01-21,2021-10-12
3657,0,0,0,1,0,0,1,2020-01-21,2021-10-10
1142,1,1,1,1,1,1,0,2020-01-21,2021-10-10
1876,0,0,0,0,0,0,1,2020-01-21,2021-10-12
1266,1,1,1,1,0,0,0,2020-01-10,2020-01-21
441,0,0,0,0,0,1,1,2020-01-10,2020-01-21
8230,1,0,0,0,0,0,0,2020-01-11,2020-01-20
1693,1,1,1,1,1,0,0,2020-01-10,2020-01-21
2459,1,1,1,1,1,0,1,2020-01-10,2020-01-21
1269,0,0,0,0,1,0,1,2020-01-10,2020-01-11
6004,1,1,1,1,0,0,1,2020-01-10,2020-01-21
8231,1,1,1,1,1,0,1,2020-01-10,2020-01-11
8232,1,0,0,0,0,0,0,2020-01-10,2020-01-10
2035,1,1,1,1,1,0,0,2020-01-10,2020-01-11
8233,1,0,0,0,0,0,0,2020-01-11,2020-01-20
129,0,0,0,0,1,0,0,2020-01-10,2020-01-21
5464,0,0,0,0,0,1,0,2020-01-10,2020-01-11
8234,0,1,1,1,1,1,1,2020-01-10,2020-01-11
8235,0,1,1,1,1,1,1,2020-01-11,2020-01-21
5004,0,0,0,0,1,1,0,2020-01-10,2020-01-21
6111,1,1,1,1,0,0,0,2020-01-10,2020-01-21
2488,0,0,0,0,1,0,0,2020-01-10,2020-01-11
8236,1,0,0,0,0,0,0,2020-01-10,2020-01-10
4835,1,1,1,1,0,0,0,2020-01-10,2020-01-11
8237,1,1,1,1,1,0,1,2020-01-11,2020-01-21
496,1,1,1,1,0,0,0,2020-01-12,2020-01-21
4837,1,1,1,1,0,0,0,2020-01-11,2020-01-11
8238,0,1,1,1,1,1,1,2020-01-11,2020-01-21
8239,0,1,1,1,1,1,1,2020-01-10,2020-01-11
8240,0,0,0,0,0,1,0,2020-01-12,2020-01-21
8241,0,0,0,0,0,1,0,2020-01-10,2020-01-11
8242,1,0,0,0,0,0,0,2020-01-11,2020-01-20
8243,0,1,1,1,0,0,1,2020-01-10,2020-01-11
8244,1,0,0,0,0,0,0,2020-01-10,2020-01-10
8245,0,1,1,1,0,0,1,2020-01-11,2020-01-21
8246,0,0,0,0,1,0,0,2020-01-20,2020-01-21
1391,1,0,1,1,0,0,0,2020-01-10,2020-01-11
673,1,1,1,1,1,1,1,2020-01-10,2020-01-21
3419,1,1,1,1,0,1,1,2020-01-10,2020-01-21
8247,0,0,0,0,1,0,0,2020-01-10,2020-01-12
6125,1,1,1,1,1,1,0,2020-01-10,2020-01-21
5968,1,1,1,1,1,1,1,2020-01-10,2020-01-21
8248,1,0,0,1,0,0,0,2020-01-11,2020-01-21
8249,1,1,1,1,0,0,1,2020-01-11,2020-01-21
2268,1,1,1,1,0,0,0,2020-01-10,2020-01-11
8250,1,0,0,0,0,0,0,2020-01-10,2020-01-11
8251,1,1,1,1,0,0,1,2020-01-10,2020-01-11
2816,0,0,0,0,0,1,1,2020-01-10,2020-01-11
8252,0,1,1,0,0,1,1,2020-01-10,2020-01-11
1067,0,0,0,0,0,1,1,2020-01-12,2020-01-21
8253,0,0,0,0,1,1,0,2020-01-12,2020-01-21
4370,0,0,0,0,1,0,0,2020-01-10,2020-01-11
2575,1,1,1,1,1,1,1,2020-01-10,2020-01-11
1859,1,1,1,1,1,1,1,2020-01-11,2020-01-21
8254,0,1,1,0,0,1,1,2020-01-11,2020-01-21
6066,1,1,1,0,1,1,1,2020-01-10,2020-01-11
8255,0,0,0,0,1,1,0,2020-01-10,2020-01-11
8256,0,0,0,0,0,1,0,2020-01-10,2020-01-11
8257,0,0,0,0,0,1,0,2020-01-12,2020-01-21
1585,1,1,1,1,0,0,0,2020-01-10,2020-01-11
8258,1,1,1,1,1,0,0,2020-01-10,2020-01-11
8259,1,1,1,1,1,0,0,2020-01-11,2020-01-21
1613,1,1,1,1,1,1,0,2020-01-10,2020-01-21
6137,1,1,1,1,1,0,1,2020-01-10,2020-01-21
275,0,0,0,0,0,1,0,2020-01-10,2020-01-21
2935,1,1,1,1,1,0,0,2020-01-10,2020-01-21
2934,0,0,0,1,1,0,0,2020-01-10,2020-01-10
3511,0,0,0,0,1,1,0,2020-01-10,2020-01-21
8261,0,0,0,0,0,1,0,2020-01-20,2020-01-21
8262,0,0,0,0,0,1,0,2020-01-12,2020-01-12
6110,1,1,1,1,0,0,1,2020-01-10,2020-01-21
8263,0,0,0,0,0,1,0,2020-01-10,2020-01-11
3808,1,1,1,1,1,0,1,2020-01-10,2020-01-21
4473,1,1,1,1,0,0,0,2020-01-10,2020-01-11
4952,1,1,1,1,1,1,0,2020-01-10,2020-01-21
6095,1,1,1,1,0,1,1,2020-01-11,2020-01-21
6097,1,1,1,1,1,1,1,2020-01-10,2020-01-11
8264,0,1,1,1,0,0,0,2020-01-10,2020-01-11
8265,0,1,1,1,0,0,0,2020-01-11,2020-01-21
8266,0,0,0,0,1,0,0,2020-01-10,2020-01-11
8267,1,0,0,0,0,0,0,2020-01-10,2020-01-20
8268,0,0,0,0,1,0,0,2020-01-12,2020-01-21
8269,0,0,0,0,0,1,0,2020-01-10,2020-01-11
8271,0,0,0,0,0,1,0,2020-01-12,2020-01-21
8272,1,1,1,1,0,0,0,2020-01-10,2020-01-11
2718,1,1,1,1,1,1,1,2020-01-10,2020-01-21
8273,1,0,0,0,1,1,0,2020-01-11,2020-01-21
8274,1,0,0,0,1,1,0,2020-01-10,2020-01-11
8275,0,1,1,1,1,1,0,2020-01-10,2020-01-21
8276,1,1,1,1,1,0,0,2020-01-11,2020-01-21
8277,1,1,1,1,1,0,0,2020-01-10,2020-01-11
8278,1,1,1,1,1,0,1,2020-01-10,2020-01-21
8279,1,1,1,1,0,0,0,2020-01-11,2020-01-21
8280,0,0,0,0,0,1,1,2020-01-10,2020-01-11
2570,1,1,1,1,0,0,1,2020-01-11,2020-01-21
4766,0,0,1,0,0,0,1,2020-01-10,2020-01-11
8281,1,0,0,0,0,0,0,2020-01-11,2020-01-20
448,1,1,1,1,1,0,0,2020-01-11,2020-01-12
8283,1,0,0,0,0,0,0,2020-01-10,2020-01-10
8284,1,0,1,0,0,0,0,2020-01-10,2020-01-11
5445,0,0,0,0,0,1,1,2020-01-12,2020-01-21
8285,0,1,0,0,0,0,0,2020-01-10,2020-01-11
8286,1,1,1,1,1,1,1,2020-01-10,2020-01-11
2867,1,1,1,1,1,0,1,2020-01-10,2020-01-11
6226,1,1,1,1,1,0,0,2020-01-10,2020-01-11
5446,1,1,1,1,1,0,0,2020-01-11,2020-01-21
8288,0,0,0,0,0,1,0,2020-01-12,2020-01-21
8289,1,1,1,1,1,0,0,2020-01-11,2020-01-21
6225,1,1,1,1,1,0,0,2020-01-11,2020-01-21
8290,0,1,0,0,0,0,0,2020-01-11,2020-01-20
8291,0,1,0,1,0,0,0,2020-01-10,2020-01-11
3326,1,1,1,1,1,1,0,2020-01-10,2020-01-11
8292,1,0,1,1,1,1,1,2020-01-10,2020-01-11
135,0,0,0,0,0,1,1,2020-01-12,2020-01-12
8293,0,0,0,0,0,0,1,2020-01-11,2020-01-12
8294,0,1,1,1,0,0,0,2020-01-11,2020-01-21
8295,1,0,1,1,1,1,1,2020-01-11,2020-01-21
6145,1,1,1,1,1,1,0,2020-01-10,2020-01-11
6009,0,0,0,0,1,1,1,2020-01-10,2020-01-11
6146,1,1,1,1,1,1,0,2020-01-11,2020-01-21
8296,0,0,0,0,0,0,1,2020-01-12,2020-01-20
8297,0,1,1,1,0,0,0,2020-01-10,2020-01-11
5116,0,0,0,0,1,1,1,2020-01-12,2020-01-21
2612,1,0,0,0,0,0,0,2020-01-10,2020-01-10
4001,0,1,1,1,0,0,0,2020-01-10,2020-01-11
8298,0,0,0,0,0,1,0,2020-01-12,2020-01-12
274,0,0,1,0,0,0,1,2020-01-10,2020-01-11
8299,0,0,0,0,0,1,0,2020-01-10,2020-01-11
1877,0,0,0,0,0,0,1,2020-01-10,2020-01-11
2958,1,1,1,1,1,0,0,2020-01-10,2020-01-11
8300,0,0,0,0,0,0,1,2020-01-10,2020-01-11
8301,0,0,0,0,0,1,0,2020-01-20,2020-01-21
6279,1,1,1,1,1,1,1,2020-01-10,2020-01-11
8302,0,0,0,0,0,1,0,2020-01-10,2020-01-11
8303,1,1,1,1,0,0,1,2020-01-11,2020-01-21
8304,1,0,0,1,0,0,0,2020-01-11,2020-01-21
8305,0,0,0,1,0,0,0,2020-01-10,2020-01-11
8306,1,1,1,1,0,0,0,2020-01-11,2020-01-21
8307,1,1,1,1,0,0,1,2020-01-10,2020-01-11
8308,1,1,1,1,0,0,0,2020-01-10,2020-01-11
3791,1,1,1,1,1,1,0,2020-01-10,2020-01-11
3790,1,1,1,1,1,0,0,2020-01-20,2020-01-21
3782,1,0,1,0,0,0,0,2020-01-10,2020-01-10
3792,1,0,1,0,0,0,0,2020-01-13,2020-01-20
8309,0,0,0,0,0,0,1,2020-01-10,2020-01-11
4659,0,0,0,0,0,0,1,2020-01-11,2020-01-20
8310,0,0,0,0,0,0,1,2020-01-12,2020-01-20
8311,0,0,0,0,1,1,0,2020-01-10,2020-01-11
8312,0,1,1,0,0,0,0,2020-01-10,2020-01-11
6134,1,1,1,1,1,0,0,2020-01-10,2020-01-12
8313,0,1,1,0,0,0,0,2020-01-11,2020-01-20
6131,0,0,0,0,0,1,1,2020-01-10,2020-01-11
6133,1,1,1,1,1,1,1,2020-01-12,2020-01-21
8314,0,0,0,0,1,1,0,2020-01-12,2020-01-21
8315,1,1,1,1,1,0,0,2020-01-11,2020-01-21
8316,1,1,1,1,1,0,0,2020-01-10,2020-01-11
8317,0,0,0,0,0,1,0,2020-01-12,2020-01-21
8319,0,0,0,0,0,1,1,2020-01-12,2020-01-21
7201,1,1,1,1,0,0,0,2020-01-10,2020-01-11
1071,1,0,0,0,0,0,0,2020-01-11,2020-01-20
7202,0,0,0,0,0,0,1,2020-01-10,2020-01-11
8320,0,0,0,0,1,0,0,2020-01-12,2020-01-21
8321,0,0,0,0,1,0,0,2020-01-10,2020-01-11
8322,0,0,0,0,0,1,1,2020-01-10,2020-01-11
4959,0,1,1,1,1,0,0,2020-01-10,2020-01-11
1069,0,1,1,1,1,0,0,2020-01-11,2020-01-21
504,0,0,0,0,1,0,0,2020-01-20,2020-01-21
8323,0,0,0,0,0,0,1,2020-01-10,2020-01-11
3393,1,1,1,1,1,1,1,2020-01-10,2020-01-11
2957,1,1,1,1,1,1,0,2020-01-10,2020-01-11
8325,0,0,0,0,0,0,1,2020-01-12,2020-01-12
6139,1,1,1,1,0,0,0,2020-01-10,2020-01-11
8326,0,1,0,0,0,0,0,2020-01-11,2020-01-20
8327,0,1,1,1,0,0,0,2020-01-11,2020-01-21
8328,0,1,1,1,0,0,0,2020-01-10,2020-01-11
8329,0,0,0,0,0,1,0,2020-01-12,2020-01-21
8330,0,1,0,0,0,0,0,2020-01-10,2020-01-11
8331,0,0,0,0,0,1,0,2020-01-10,2020-01-11
7207,0,1,0,1,1,0,0,2020-01-10,2020-01-11
8333,1,0,1,1,1,0,0,2020-01-11,2020-01-21
8334,1,0,1,1,1,0,0,2020-01-10,2020-01-11
8335,0,0,0,0,0,0,1,2020-01-10,2020-01-11
8336,0,0,0,0,0,0,1,2020-01-12,2020-01-20
8337,1,0,0,0,0,1,1,2020-01-10,2020-01-11
8338,1,0,0,0,1,1,1,2020-01-11,2020-01-21
8340,1,1,1,1,1,0,1,2020-01-21,2021-10-12
8341,0,0,0,0,0,0,1,2020-01-21,2021-10-12
8342,0,0,0,0,0,1,0,2021-10-10,2021-10-13
8343,1,1,1,1,1,1,0,2020-01-21,2021-10-13
8345,0,0,0,0,1,0,0,2021-10-10,2021-10-12
8347,1,1,1,1,0,0,0,2020-01-21,2021-10-12
8348,0,0,0,0,0,1,1,2020-01-21,2021-10-13
8349,1,0,0,0,0,0,0,2020-01-21,2021-10-12
8350,0,1,1,1,1,1,0,2020-01-21,2021-10-13
8351,0,0,0,0,0,0,1,2020-01-21,2021-10-12
1087,0,0,0,0,0,1,0,2020-01-10,2020-01-11
2304,1,1,1,1,1,0,1,2020-01-10,2020-01-11
6364,1,1,1,1,1,0,1,2020-01-10,2020-01-11
2311,1,1,1,1,1,0,1,2020-01-12,2020-01-21
7413,1,1,1,1,1,1,0,2020-01-10,2020-01-11
987,0,0,0,0,0,0,1,2020-01-12,2020-01-20
8354,0,0,0,0,0,1,0,2020-01-12,2020-01-21
8356,0,0,0,0,0,0,1,2020-01-12,2020-01-20
4521,1,1,1,1,1,0,0,2020-01-10,2020-01-11
3650,1,1,1,1,1,1,1,2020-01-10,2020-01-21
6394,1,1,1,1,1,1,0,2020-01-10,2020-01-11
5092,1,1,1,1,1,1,1,2020-01-10,2020-01-21
970,1,1,1,1,0,0,0,2020-01-11,2020-01-12
8362,0,0,0,0,1,0,0,2020-01-12,2020-01-21
8363,1,1,1,1,0,1,1,2020-01-10,2020-01-11
5607,0,1,1,1,1,0,0,2020-01-10,2020-01-11
5602,1,0,0,0,0,0,0,2020-01-10,2020-01-10
8364,1,1,1,1,0,1,1,2020-01-11,2020-01-21
8365,0,0,0,0,1,0,0,2020-01-10,2020-01-11
1626,0,0,0,0,0,0,1,2020-01-21,2021-10-12
4833,1,1,1,1,0,0,0,2020-01-21,2021-10-12
8366,0,0,0,0,0,0,1,2020-01-21,2021-10-12
1589,1,1,1,1,0,0,0,2021-10-10,2021-10-12
2031,0,0,0,0,0,0,1,2020-01-21,2021-10-12
2447,1,1,1,1,1,1,0,2020-01-21,2021-10-13
2039,1,1,1,1,1,1,0,2021-10-10,2021-10-13
8367,1,1,1,1,1,0,0,2020-01-21,2021-10-12
2933,0,0,0,0,0,1,0,2021-10-10,2021-10-13
2937,1,1,1,1,1,0,0,2020-01-21,2021-10-12
2028,1,1,1,1,1,1,0,2020-01-21,2021-10-10
6207,0,0,0,0,1,0,1,2021-10-10,2021-10-12
8368,0,0,0,0,0,0,1,2020-01-21,2021-10-12
8369,1,1,1,1,1,0,0,2020-01-21,2020-01-23
8370,1,1,1,1,1,0,0,2021-10-10,2021-10-12
5036,0,1,1,1,0,0,0,2020-01-21,2020-01-23
8371,1,1,1,1,1,1,0,2020-01-21,2021-10-13
8372,0,0,0,0,1,1,1,2020-01-21,2021-10-10
1993,1,1,1,1,1,0,0,2020-01-21,2021-10-12
3451,0,0,0,0,1,0,1,2021-10-10,2021-10-12
5975,1,1,1,1,0,0,0,2021-10-10,2021-10-12
3448,0,0,0,1,0,0,1,2020-01-21,2021-10-10
4450,0,0,0,0,1,1,0,2020-01-21,2021-10-10
431,1,0,0,0,0,0,0,2020-01-21,2021-10-12
6143,0,0,0,0,0,1,0,2021-10-10,2021-10-13
5039,0,1,1,1,1,0,0,2021-10-10,2021-10-12
8373,0,0,0,0,0,1,1,2021-10-10,2021-10-13
2573,1,1,1,1,1,1,1,2021-10-10,2021-10-13
3485,1,1,1,1,1,1,1,2020-01-21,2021-10-10
8374,1,1,1,1,1,1,0,2020-01-21,2021-10-13
8375,1,0,0,0,0,0,0,2021-10-10,2021-10-12
8376,0,0,0,0,1,0,0,2021-10-10,2021-10-12
5941,0,0,0,0,1,0,0,2021-10-10,2021-10-12
1333,1,1,1,1,1,0,1,2020-01-21,2021-10-12
8377,0,0,0,0,0,1,0,2021-10-10,2021-10-13
1150,1,1,1,1,1,0,0,2020-01-21,2020-01-23
8378,1,1,1,1,1,0,0,2021-10-10,2021-10-12
8379,0,0,0,0,1,0,0,2021-10-10,2021-10-12
8380,1,1,1,1,0,0,1,2021-10-10,2021-10-12
8381,1,1,1,1,0,0,0,2020-01-22,2020-01-23
8382,0,0,0,0,0,0,1,2020-01-21,2021-10-12
8383,1,1,1,1,1,0,0,2020-01-21,2020-01-21
8384,1,0,0,0,1,1,0,2020-01-21,2021-10-13
8385,1,1,1,0,0,0,0,2020-01-21,2020-01-23
8386,1,1,1,0,0,0,0,2021-10-10,2021-10-12
8387,1,1,1,1,0,0,1,2020-01-21,2021-10-12
8388,1,1,1,0,0,0,1,2020-01-21,2021-10-10
8389,1,0,0,0,0,0,0,2020-01-21,2020-01-22
8390,0,1,1,1,0,0,0,2021-10-10,2021-10-12
8391,0,0,0,1,0,0,0,2020-01-21,2020-01-23
8392,0,0,0,1,0,0,0,2021-10-10,2021-10-12
8393,0,0,0,0,0,0,1,2020-01-21,2021-10-12
8394,0,1,1,1,0,0,1,2021-10-10,2021-10-12
8395,0,0,0,0,0,1,1,2020-01-21,2021-10-13
8396,0,0,0,1,0,0,0,2020-01-21,2020-01-23
8397,0,1,1,0,0,0,1,2020-01-21,2021-10-10
8398,1,1,1,1,0,0,0,2020-01-21,2021-10-12
8399,0,0,0,0,1,1,0,2021-10-10,2021-10-13
8400,0,0,0,0,1,0,0,2021-10-10,2021-10-12
8401,0,0,0,0,0,1,1,2020-01-21,2021-10-13
8402,0,0,0,0,0,1,0,2021-10-10,2021-10-13
8403,1,1,1,1,1,0,0,2020-01-21,2020-01-23
8404,0,0,0,0,1,0,0,2021-10-10,2021-10-12
2608,0,0,0,0,0,0,1,2021-10-11,2021-10-12
8405,0,0,0,0,1,0,0,2021-10-10,2021-10-12
8406,1,1,1,1,1,0,0,2020-01-21,2020-01-23
8407,0,1,1,1,1,0,0,2021-10-10,2021-10-12
8408,1,1,1,1,1,0,0,2021-10-10,2021-10-12
8409,1,0,0,1,0,0,1,2020-01-21,2021-10-10
8410,0,1,1,1,0,0,0,2020-01-21,2020-01-23
8411,1,0,0,0,0,0,0,2020-01-21,2020-01-22
8412,1,1,1,1,1,0,1,2020-01-21,2021-10-12
8413,1,1,1,1,0,0,1,2021-10-10,2021-10-12
8414,1,0,0,0,1,0,0,2021-10-10,2021-10-12
8415,0,1,1,1,0,0,0,2021-10-10,2021-10-12
8416,1,1,1,1,1,0,0,2021-10-10,2021-10-12
8417,1,0,0,0,1,0,0,2020-01-21,2021-10-12
499,0,0,0,0,0,1,1,2020-01-21,2021-10-13
8418,1,1,1,1,0,0,0,2020-01-21,2021-10-12
8419,1,1,1,1,0,0,0,2020-01-21,2021-10-12
8420,1,1,1,0,0,0,1,2020-01-21,2021-10-10
8421,1,0,0,0,0,0,0,2021-10-10,2021-10-12
8422,1,0,0,0,0,0,0,2021-10-10,2021-10-12
8423,1,0,0,0,0,0,0,2020-01-21,2020-01-22
8424,1,0,0,0,0,0,0,2020-01-21,2021-10-12
8425,0,0,0,0,1,1,0,2021-10-10,2021-10-13
8426,0,0,0,0,1,1,0,2020-01-21,2021-10-10
8427,0,1,1,0,0,0,0,2020-01-21,2020-01-23
8428,0,1,1,1,0,0,0,2021-10-10,2021-10-12
8429,0,0,0,0,1,0,1,2020-01-21,2021-10-12
8430,0,1,1,1,0,0,0,2020-01-21,2020-01-23
8431,0,0,0,0,0,1,0,2021-10-10,2021-10-13
8432,0,0,0,0,0,0,1,2021-10-11,2021-10-12
8433,0,0,0,0,0,1,1,2021-10-10,2021-10-13
8434,0,0,0,0,1,1,1,2020-01-21,2021-10-10
8435,0,0,0,1,1,1,0,2020-01-21,2021-10-10
8436,0,1,1,1,1,0,0,2021-10-10,2021-10-12
8437,0,0,0,0,1,1,0,2021-10-10,2021-10-13
8438,0,1,1,1,0,0,0,2021-10-10,2021-10-12
8439,0,0,0,0,0,0,1,2020-01-21,2021-10-10
8440,0,0,0,0,0,0,1,2021-10-11,2021-10-12
8441,0,0,0,1,0,0,1,2020-01-21,2021-10-10
2310,1,1,1,1,0,0,1,2020-01-21,2021-10-12
4037,0,0,0,0,1,0,1,2020-01-21,2021-10-12
8442,1,1,1,1,0,1,0,2020-01-21,2021-10-13
2271,1,1,1,1,0,0,0,2020-01-21,2021-10-12
8443,1,1,1,1,1,1,0,2020-01-21,2021-10-13
5012,1,1,1,1,1,0,0,2020-01-21,2021-10-12
6658,1,1,1,1,1,1,0,2020-01-21,2021-10-13
6654,0,0,0,0,0,0,1,2020-01-21,2021-10-12
6685,0,0,0,0,1,0,1,2020-01-21,2021-10-12
2367,0,0,0,0,1,1,0,2021-10-10,2021-10-13
336,1,1,1,1,1,0,0,2020-01-21,2021-10-12
5513,0,0,0,0,1,0,0,2021-10-10,2021-10-12
8444,0,0,0,0,1,1,1,2020-01-21,2021-10-13
5400,1,0,0,1,1,0,0,2020-01-21,2021-10-12
5402,0,1,1,0,0,0,1,2020-01-21,2021-10-12
8445,0,0,0,0,1,1,1,2020-01-21,2021-10-13
6884,0,0,0,0,1,0,1,2020-01-21,2021-10-12
6655,0,0,1,1,1,0,1,2020-01-21,2021-10-12
6656,1,1,0,0,0,1,0,2020-01-21,2021-10-13
6579,0,0,0,0,0,1,0,2020-01-10,2020-01-12
8446,0,0,1,1,0,0,0,2020-01-20,2020-01-21
8447,1,1,1,1,0,0,0,2020-01-10,2020-01-20
4522,0,0,0,0,1,0,0,2020-01-10,2020-01-11
6515,0,0,0,0,1,0,0,2020-01-12,2020-01-21
3032,0,0,0,0,0,0,1,2020-01-10,2020-01-20
6516,1,1,1,1,0,0,0,2020-01-11,2020-01-21
945,0,0,0,0,0,1,0,2020-01-10,2020-01-21
6592,1,1,1,1,0,0,1,2020-01-10,2020-01-21
6563,0,0,0,0,0,0,1,2020-01-10,2020-01-12
710,1,1,1,1,1,0,0,2020-01-10,2020-01-21
862,0,0,0,0,0,1,0,2020-01-10,2020-01-21
4954,1,1,1,1,1,0,0,2020-01-10,2020-01-21
1535,0,0,0,0,0,1,1,2020-01-12,2020-01-12
2157,1,1,1,1,1,1,1,2020-01-10,2020-01-21
8448,1,0,0,0,0,0,0,2020-01-10,2020-01-13
8450,0,0,0,0,0,0,1,2020-01-10,2020-01-20
8451,0,0,0,0,1,0,0,2020-01-10,2020-01-21
8453,0,0,0,0,1,0,0,2020-01-10,2020-01-21
5151,0,0,0,1,0,0,0,2020-01-10,2020-01-21
8454,1,1,1,1,1,0,0,2020-01-10,2020-01-21
5150,0,0,0,0,1,0,0,2020-01-10,2020-01-21
8455,0,0,0,0,0,1,0,2020-01-10,2020-01-21
8456,0,0,0,0,0,0,1,2020-01-11,2020-01-12
8457,0,1,1,1,0,0,0,2020-01-10,2020-01-21
8459,1,0,0,0,0,0,0,2020-01-10,2020-01-20
2539,1,1,1,1,1,1,0,2020-01-10,2020-01-21
8460,0,0,0,0,1,0,0,2020-01-10,2020-01-21
8461,0,0,0,0,0,0,1,2020-01-10,2020-01-20
6593,1,0,0,0,0,0,0,2020-01-10,2020-01-20
8462,1,1,1,1,1,1,1,2020-01-10,2020-01-21
4509,1,1,1,1,0,1,0,2020-01-10,2020-01-21
8465,0,0,0,0,0,1,0,2020-01-13,2020-01-21
5230,0,0,0,0,0,1,0,2020-01-10,2020-01-21
8466,0,0,0,0,0,1,0,2020-01-10,2020-01-21
8467,0,0,1,1,1,0,0,2020-01-10,2020-01-21
8468,1,1,0,0,0,0,0,2020-01-10,2020-01-20
6519,1,1,1,1,1,1,1,2020-01-10,2020-01-21
8471,0,0,0,0,0,0,1,2020-01-10,2020-01-20
3107,0,0,0,0,0,1,1,2020-01-10,2020-01-21
2689,0,0,0,0,0,1,0,2020-01-21,2021-10-13
8472,0,0,0,0,0,1,0,2020-01-21,2021-10-13
6583,0,0,0,0,0,1,0,2020-01-22,2021-10-10
8473,0,0,0,0,0,0,1,2020-01-21,2021-10-12
6581,0,0,0,0,1,0,0,2020-01-22,2021-10-10
8474,0,0,0,0,0,1,0,2021-10-12,2021-10-13
8475,0,0,0,0,1,1,0,2020-01-21,2021-10-10
8476,0,0,0,0,0,1,0,2021-10-10,2021-10-11
8477,1,1,1,1,1,0,0,2021-10-10,2021-10-12
8478,1,1,1,1,1,0,0,2020-01-21,2020-01-23
8479,0,1,1,1,1,0,0,2021-10-11,2021-10-12
5149,1,0,0,0,1,0,0,2020-01-21,2021-10-12
2295,0,0,0,0,1,0,0,2020-01-21,2021-10-12
8480,0,0,0,1,0,0,0,2020-01-10,2020-01-21
8481,1,1,1,0,1,0,1,2020-01-10,2020-01-21
490,0,0,0,0,0,1,0,2020-01-12,2020-01-21
8482,1,1,1,1,0,0,0,2020-01-10,2020-01-11
8483,1,1,1,1,0,0,0,2020-01-11,2020-01-21
8485,0,0,0,0,0,1,0,2020-01-20,2020-01-21
8486,0,0,0,0,1,1,0,2020-01-10,2020-01-11
8487,0,0,0,0,1,0,0,2020-01-12,2020-01-21
1769,0,1,1,1,0,0,0,2020-01-10,2020-01-11
1768,1,0,0,0,1,0,0,2020-01-11,2020-01-21
8490,1,0,0,0,1,0,0,2020-01-10,2020-01-11
1777,0,1,1,1,0,0,1,2020-01-11,2020-01-21
5714,1,1,1,1,0,1,1,2020-01-10,2020-01-21
5378,1,1,1,1,1,1,0,2020-01-10,2020-01-21
8492,1,1,1,1,0,1,0,2020-01-10,2020-01-21
8493,0,0,0,0,1,0,1,2020-01-10,2020-01-21
8494,1,1,1,1,0,1,1,2020-01-10,2020-01-21
8495,0,0,0,0,1,0,0,2020-01-10,2020-01-11
8496,0,1,1,1,0,0,0,2020-01-10,2020-01-11
8497,0,1,1,1,0,0,0,2020-01-11,2020-01-21
8499,0,0,0,0,1,0,0,2020-01-12,2020-01-21
8500,0,0,1,0,0,0,0,2020-01-11,2020-01-20
2151,0,0,0,0,0,1,0,2020-01-10,2020-01-21
8501,0,1,1,0,0,0,0,2020-01-10,2020-01-11
8502,1,1,0,1,1,1,1,2020-01-11,2020-01-21
8503,1,0,0,1,1,1,1,2020-01-10,2020-01-11
8504,0,0,1,0,0,0,0,2020-01-10,2020-01-20
8505,1,1,0,1,1,1,1,2020-01-10,2020-01-21
4403,1,1,1,1,1,1,1,2020-01-11,2020-01-21
4401,1,1,1,1,1,1,1,2020-01-10,2020-01-11
8506,0,0,0,1,0,1,0,2020-01-10,2020-01-21
8507,1,1,1,0,1,0,1,2020-01-10,2020-01-21
8508,1,1,1,1,0,1,0,2020-01-10,2020-01-21
8509,0,0,0,0,1,0,1,2020-01-10,2020-01-21
389,1,1,1,1,1,0,0,2020-01-10,2020-01-21
321,1,1,1,1,1,0,0,2020-01-13,2020-01-21
342,1,1,1,1,1,0,0,2020-01-10,2020-01-12
4261,0,0,0,0,0,0,1,2020-01-11,2020-01-20
1861,0,0,0,0,0,1,0,2020-01-10,2020-01-21
8510,1,1,1,1,1,0,0,2020-01-10,2020-01-21
4208,0,0,0,0,0,0,1,2020-01-11,2020-01-20
5057,0,0,0,0,0,1,0,2020-01-11,2020-01-21
248,0,0,0,0,0,0,1,2020-01-10,2020-01-20
573,1,1,1,1,1,0,0,2020-01-10,2020-01-21
5132,1,1,1,1,1,0,0,2020-01-10,2020-01-10
1603,1,1,1,1,1,0,0,2020-01-10,2020-01-21
8512,0,0,0,0,0,1,0,2020-01-12,2020-01-21
8513,0,0,0,0,0,1,0,2020-01-10,2020-01-11
144,1,1,0,0,0,0,0,2020-01-10,2020-01-20
2355,0,0,1,1,1,0,0,2020-01-10,2020-01-21
6501,0,0,0,0,1,0,0,2020-01-12,2020-01-12
6500,1,1,1,1,0,0,0,2020-01-10,2020-01-12
429,1,0,0,0,0,0,0,2020-01-10,2020-01-20
8514,0,0,0,0,0,1,0,2020-01-10,2020-01-11
1660,1,1,1,1,0,0,0,2020-01-10,2020-01-21
6499,0,0,0,0,1,0,0,2020-01-10,2020-01-21
8515,0,0,0,0,0,1,0,2020-01-12,2020-01-21
8516,0,0,0,0,0,1,0,2020-01-12,2020-01-21
8517,0,0,0,0,0,1,0,2020-01-10,2020-01-11
8518,1,1,1,1,1,0,0,2020-01-10,2020-01-21
8519,0,0,0,0,0,0,1,2020-01-10,2020-01-20
8520,0,0,0,0,0,1,0,2020-01-10,2020-01-21
4613,1,1,1,1,1,0,1,2021-10-10,2021-10-12
4611,1,1,1,1,0,0,1,2020-01-21,2021-10-10
8521,0,0,0,0,1,1,0,2020-01-21,2021-10-10
8522,0,0,0,0,0,1,0,2021-10-10,2021-10-13
8523,1,1,1,1,1,0,1,2021-10-10,2021-10-12
8524,1,1,1,1,0,0,1,2020-01-21,2021-10-10
4362,0,0,0,0,0,0,1,2020-01-21,2021-10-12
8525,0,0,0,0,0,1,0,2020-01-22,2021-10-10
3689,1,1,1,1,1,0,0,2021-10-12,2021-10-12
6517,1,1,1,1,1,0,0,2021-10-11,2021-10-12
3105,1,1,1,1,1,0,0,2021-10-10,2021-10-11
3688,1,1,1,1,1,0,0,2021-10-10,2021-10-12
5653,1,1,1,1,1,0,0,2021-10-12,2021-10-12
5274,1,1,1,1,1,0,0,2021-10-10,2021-10-11
5272,1,1,1,1,1,0,0,2021-10-12,2021-10-12
5271,1,1,1,0,0,0,0,2020-01-21,2021-10-10
1759,1,1,1,1,1,0,0,2020-01-21,2021-10-12
8526,0,0,0,0,0,1,0,2021-10-10,2021-10-12
5366,1,1,1,1,1,0,0,2021-10-10,2021-10-12
4479,0,0,0,0,0,0,1,2020-01-21,2021-10-12
2676,0,0,0,0,0,1,0,2020-01-21,2021-10-12
4078,0,0,0,0,0,1,0,2020-01-21,2021-10-12
6506,1,1,1,1,1,0,0,2021-10-12,2021-10-12
4926,1,1,1,1,1,0,0,2021-10-10,2021-10-12
4925,1,1,1,1,1,0,0,2021-10-12,2021-10-12
2420,0,0,0,0,0,1,0,2020-01-21,2021-10-12
6504,1,1,1,1,1,0,0,2021-10-10,2021-10-12
4260,0,0,0,0,0,0,1,2020-01-21,2021-10-12
924,1,1,1,1,0,0,0,2020-01-21,2021-10-12
1434,1,1,1,0,0,0,0,2020-01-22,2020-01-23
5365,1,1,1,1,1,0,0,2021-10-12,2021-10-12
2150,0,0,0,0,0,1,0,2020-01-21,2021-10-10
8527,1,1,1,1,1,0,1,2020-01-21,2021-10-12
8529,0,0,0,0,0,1,0,2021-10-10,2021-10-13
2330,0,0,0,0,0,1,1,2020-01-21,2021-10-13
8531,0,0,0,0,0,0,1,2020-01-21,2021-10-12
196,1,1,1,1,1,0,1,2020-01-10,2020-01-21
8532,0,0,0,0,0,0,1,2020-01-21,2021-10-12
1590,0,0,0,1,0,0,0,2020-01-21,2020-01-23
5891,1,1,1,1,0,0,1,2020-01-21,2021-10-12
8533,0,0,0,0,1,0,0,2020-01-22,2021-10-10
6388,0,0,0,0,0,1,1,2020-01-21,2021-10-13
4413,0,1,1,1,0,0,1,2020-01-21,2021-10-12
1157,1,1,1,1,1,1,0,2020-01-21,2021-10-13
5396,1,1,1,1,1,0,0,2021-10-10,2021-10-12
1268,0,0,0,0,1,0,0,2021-10-10,2021-10-12
1711,0,0,0,0,0,0,1,2020-01-11,2020-01-20
6423,0,0,0,0,1,0,0,2021-10-10,2021-10-12
1271,0,0,0,0,1,0,1,2020-01-21,2021-10-12
8534,0,0,0,0,0,1,0,2021-10-10,2021-10-13
8535,1,1,1,1,1,0,0,2021-10-10,2021-10-12
6477,1,1,1,1,1,1,1,2020-01-21,2021-10-13
900,0,0,0,0,0,0,1,2020-01-21,2021-10-12
2865,1,1,1,1,1,0,1,2020-01-21,2021-10-12
8536,0,1,1,1,1,0,0,2021-10-10,2021-10-12
3515,0,0,0,0,1,1,0,2021-10-10,2021-10-13
8537,1,0,0,0,0,0,0,2020-01-21,2021-10-12
6442,0,0,0,0,0,0,1,2021-10-10,2021-10-12
2131,0,0,0,0,0,1,0,2021-10-10,2021-10-13
724,1,1,1,1,1,0,0,2020-01-21,2021-10-12
1171,1,0,0,0,0,0,0,2020-01-21,2021-10-12
5209,0,0,0,0,0,1,0,2021-10-10,2021-10-13
8538,0,0,0,0,1,0,0,2020-01-22,2021-10-10
8539,0,0,0,0,0,0,1,2020-01-22,2021-10-11
6428,0,1,1,1,1,0,0,2021-10-11,2021-10-12
6430,0,0,0,0,0,1,0,2021-10-11,2021-10-12
6420,1,1,1,1,1,0,0,2020-01-21,2020-01-22
8540,0,0,0,0,1,1,0,2020-01-21,2021-10-10
6416,1,1,1,1,1,1,1,2020-01-10,2020-01-21
8541,0,0,0,0,0,0,1,2020-01-21,2021-10-12
8542,1,1,1,1,1,0,1,2020-01-21,2021-10-12
8543,0,0,0,0,0,1,0,2021-10-10,2021-10-13
8544,0,0,0,0,1,0,0,2020-01-22,2021-10-10
8545,0,0,0,0,0,1,0,2020-01-21,2021-10-10
2318,1,1,1,1,1,0,1,2021-10-10,2021-10-12
2316,0,0,0,0,0,1,0,2021-10-10,2021-10-13
2317,1,1,1,1,0,0,1,2020-01-21,2021-10-10
8546,0,0,0,0,0,0,1,2020-01-21,2021-10-12
8547,0,0,0,0,1,0,0,2021-10-10,2021-10-12
8548,0,0,0,1,0,0,0,2020-01-22,2020-01-23
1789,1,1,1,1,1,0,0,2020-01-21,2021-10-12
5250,0,0,0,0,1,0,0,2021-10-10,2021-10-12
8549,0,0,0,0,1,1,1,2020-01-21,2021-10-13
8550,1,1,1,1,0,0,0,2020-01-21,2021-10-12
8551,0,0,0,0,1,0,0,2021-10-10,2021-10-12
5185,1,1,1,1,0,1,0,2021-10-10,2021-10-13
6228,1,1,1,1,0,0,0,2021-10-10,2021-10-12
8552,1,1,1,1,0,0,0,2020-01-21,2021-10-12
507,1,1,1,1,0,0,0,2020-01-21,2020-01-21
8553,1,1,1,1,0,0,0,2020-01-21,2021-10-12
8554,0,0,0,0,0,1,0,2020-01-21,2021-10-13
8555,0,0,0,0,0,1,0,2021-10-10,2021-10-13
8556,1,1,1,1,1,0,0,2020-01-21,2021-10-12
8557,0,0,0,0,1,1,1,2020-01-21,2021-10-13
8558,0,0,0,0,0,1,0,2021-10-10,2021-10-13
8559,0,0,0,0,0,1,0,2021-10-10,2021-10-13
8560,1,1,1,1,1,0,0,2020-01-21,2021-10-12
8561,0,0,0,0,1,0,0,2021-10-10,2021-10-12
8562,0,0,0,0,0,0,1,2020-01-21,2021-10-12
8563,0,0,0,0,0,0,1,2020-01-21,2021-10-12
8564,0,0,0,0,0,1,0,2021-10-10,2021-10-13
8565,0,0,0,0,0,0,1,2020-01-21,2021-10-12
8566,1,0,0,0,0,0,0,2020-01-21,2021-10-12
8567,0,0,0,0,0,0,1,2020-01-21,2021-10-12
8568,1,1,1,1,0,0,0,2021-10-10,2021-10-12
8569,1,1,1,1,1,0,0,2020-01-21,2021-10-12
8570,0,0,0,0,0,0,1,2020-01-21,2021-10-12
8571,1,1,1,1,1,0,0,2020-01-21,2021-10-12
8572,0,0,0,0,0,0,1,2020-01-21,2021-10-12
8573,0,0,0,0,1,0,0,2021-10-10,2021-10-12
8574,1,1,1,1,0,0,0,2020-01-21,2020-01-23
8575,1,1,1,1,0,0,0,2020-01-21,2021-10-12
8576,1,1,1,1,1,0,0,2020-01-21,2021-10-12
8577,0,1,1,1,1,1,1,2020-01-21,2021-10-13
8578,1,1,1,1,0,0,0,2020-01-21,2021-10-12
2133,1,1,1,1,0,1,0,2020-01-21,2021-10-13
8579,1,1,1,1,1,0,0,2021-10-10,2021-10-12
6319,1,1,1,1,1,1,0,2020-01-21,2021-10-13
8580,0,0,0,0,0,0,1,2020-01-21,2021-10-12
8581,1,1,1,1,1,0,0,2021-10-10,2021-10-12
4054,0,0,0,0,0,0,1,2020-01-22,2021-10-11
6353,0,0,0,0,1,0,0,2021-10-10,2021-10-12
4707,0,0,0,0,1,0,0,2021-10-10,2021-10-12
4172,0,0,0,0,1,1,0,2020-01-21,2021-10-10
4640,0,0,0,0,0,1,1,2020-01-12,2020-01-21
5321,1,1,1,1,1,0,0,2020-01-12,2020-01-21
3841,0,0,0,0,0,0,1,2020-01-11,2020-01-20
65,0,0,0,0,1,0,1,2020-01-10,2020-01-21
8583,1,1,1,1,0,0,1,2020-01-10,2020-01-21
1227,0,0,0,0,0,1,0,2020-01-11,2020-01-21
8584,0,0,0,0,1,0,0,2020-01-10,2020-01-21
5490,1,1,1,1,0,1,0,2020-01-10,2020-01-21
8585,0,0,0,0,0,0,1,2020-01-10,2020-01-20
30,1,1,1,1,0,0,0,2020-01-10,2020-01-21
8586,1,1,1,1,1,1,0,2020-01-10,2020-01-21
6321,1,1,1,1,1,1,0,2020-01-10,2020-01-21
8588,1,1,1,1,0,1,1,2020-01-10,2020-01-21
5389,1,1,1,1,1,1,0,2020-01-10,2020-01-21
6333,1,1,1,1,1,1,0,2020-01-12,2020-01-21
6352,0,0,0,0,1,0,0,2020-01-10,2020-01-20
8589,0,0,0,0,0,0,1,2020-01-10,2020-01-20
4730,0,0,0,0,1,0,1,2020-01-10,2020-01-21
8590,1,1,1,1,0,0,0,2020-01-10,2020-01-21
8591,0,0,0,0,1,0,0,2020-01-10,2020-01-21
8592,1,1,1,1,0,0,0,2020-01-10,2020-01-21
8593,0,0,0,0,1,0,0,2020-01-10,2020-01-21
8594,0,0,0,0,1,0,0,2020-01-10,2020-01-21
4718,1,1,1,1,1,0,0,2020-01-10,2020-01-20
3719,0,0,0,0,0,1,1,2020-01-11,2020-01-21
8595,1,1,1,1,1,0,0,2021-10-10,2021-10-12
5285,1,1,1,1,0,0,0,2020-01-21,2021-10-12
6332,0,0,0,0,0,0,1,2020-01-21,2021-10-10
5542,0,0,0,0,0,0,1,2020-01-21,2021-10-10
5544,0,0,0,0,0,0,1,2021-10-11,2021-10-12
2792,0,0,0,0,1,0,0,2021-10-10,2021-10-12
6316,0,0,0,0,1,0,1,2020-01-21,2021-10-12
8597,0,1,1,1,1,0,0,2021-10-10,2021-10-12
8598,1,0,0,0,0,0,0,2020-01-21,2021-10-12
6328,1,1,1,1,1,1,1,2020-01-10,2020-01-21
8599,0,0,0,0,1,0,0,2020-01-10,2020-01-21
4291,0,0,0,0,1,0,0,2020-01-11,2020-01-21
3860,1,1,1,1,0,0,0,2020-01-10,2020-01-21
66,1,1,1,1,1,0,1,2020-01-10,2020-01-21
8600,1,1,1,1,0,0,0,2020-01-10,2020-01-21
6339,1,1,1,1,1,0,0,2020-01-10,2020-01-21
1684,0,0,0,0,0,0,1,2020-01-12,2020-01-20
2797,0,0,0,0,0,1,0,2020-01-12,2020-01-21
4134,0,0,0,0,0,0,1,2020-01-11,2020-01-12
4133,1,0,0,0,0,0,0,2020-01-11,2020-01-21
1710,0,0,0,0,0,1,0,2020-01-11,2020-01-12
2545,0,0,0,0,0,0,1,2020-01-11,2020-01-12
4136,1,1,0,1,1,0,0,2020-01-10,2020-01-12
6314,1,1,1,1,1,1,1,2020-01-10,2020-01-21
6311,0,0,0,0,0,0,1,2020-01-12,2020-01-20
1528,1,1,1,1,1,0,0,2020-01-10,2020-01-12
3823,0,1,0,0,0,0,0,2020-01-20,2020-01-20
1526,1,1,1,1,1,0,0,2020-01-12,2020-01-21
3935,1,1,1,1,1,1,1,2020-01-10,2020-01-12
6307,0,0,0,0,1,0,0,2020-01-12,2020-01-12
6345,0,0,0,0,0,1,0,2020-01-11,2020-01-21
6148,0,0,0,0,0,1,1,2020-01-10,2020-01-21
8602,0,1,1,1,1,0,0,2020-01-10,2020-01-21
3380,0,0,0,0,0,0,1,2020-01-11,2020-01-12
8603,1,0,0,0,0,0,0,2020-01-10,2020-01-20
8604,0,0,0,0,0,0,1,2020-01-11,2020-01-20
6336,1,1,1,1,1,1,0,2020-01-10,2020-01-21
6348,1,1,1,1,1,0,0,2020-01-10,2020-01-21
2917,0,0,0,0,0,1,0,2020-01-11,2020-01-12
4213,1,1,1,1,1,0,0,2020-01-10,2020-01-21
298,1,1,1,1,1,0,0,2020-01-11,2020-01-12
3737,1,1,1,1,1,1,1,2020-01-10,2020-01-21
601,1,1,1,1,1,1,0,2020-01-21,2021-10-13
6369,1,1,1,1,1,1,0,2020-01-10,2020-01-21
8605,0,0,0,0,0,0,1,2020-01-10,2020-01-20
8606,0,0,0,0,1,0,0,2021-10-10,2021-10-12
8607,0,0,0,0,1,0,0,2020-01-10,2020-01-21
8608,0,0,0,0,0,0,1,2020-01-21,2021-10-12
8609,1,1,1,1,1,1,0,2020-01-21,2021-10-13
6346,1,1,1,1,1,0,1,2020-01-21,2020-01-22
6347,1,1,1,1,1,0,0,2021-10-11,2021-10-12
1989,0,0,0,0,0,1,0,2020-01-22,2021-10-10
8611,1,0,0,0,0,0,0,2020-01-21,2021-10-12
8612,0,0,0,0,0,0,1,2020-01-22,2021-10-11
4979,0,0,0,0,0,0,1,2020-01-22,2021-10-10
8614,0,1,1,1,1,0,0,2021-10-10,2021-10-12
8616,0,0,0,0,1,0,0,2020-01-10,2020-01-11
5995,0,0,0,0,0,0,1,2020-01-10,2020-01-20
6029,0,0,0,0,1,0,1,2020-01-10,2020-01-21
8617,0,0,0,0,1,0,0,2020-01-12,2020-01-21
8618,0,0,0,0,0,0,1,2020-01-12,2020-01-20
8619,0,0,0,0,0,0,1,2020-01-10,2020-01-11
3925,1,1,1,1,0,1,0,2020-01-10,2020-01-21
5907,0,0,0,0,0,0,1,2020-01-10,2020-01-20
1784,1,1,1,1,0,1,1,2020-01-10,2020-01-21
8620,1,1,1,1,0,0,0,2020-01-11,2020-01-21
5998,1,0,0,0,0,1,0,2020-01-11,2020-01-21
8621,1,1,1,1,0,0,0,2020-01-11,2020-01-21
5920,0,0,0,0,0,0,1,2020-01-10,2020-01-11
8622,1,1,1,1,0,0,0,2020-01-10,2020-01-11
8623,1,1,1,1,0,0,0,2020-01-10,2020-01-11
6001,0,1,1,1,0,0,0,2020-01-10,2020-01-21
5999,1,0,0,0,0,1,0,2020-01-10,2020-01-11
1355,1,1,1,1,0,0,0,2020-01-10,2020-01-11
8624,0,0,0,0,1,0,0,2020-01-20,2020-01-21
8625,0,0,0,0,0,0,1,2020-01-10,2020-01-20
2091,1,1,1,1,1,1,0,2020-01-10,2020-01-21
6063,0,0,0,0,1,0,1,2020-01-10,2020-01-21
8626,0,0,0,0,1,0,0,2020-01-12,2020-01-12
8627,0,0,0,0,1,0,0,2020-01-10,2020-01-11
8628,1,1,1,1,0,0,0,2020-01-10,2020-01-21
8629,0,1,1,1,0,0,0,2020-01-10,2020-01-11
8630,1,1,1,1,1,0,1,2020-01-10,2020-01-11
8631,0,0,0,0,1,0,0,2020-01-10,2020-01-21
8632,1,0,0,0,0,0,0,2020-01-10,2020-01-20
8634,0,0,0,0,0,0,1,2020-01-10,2020-01-20
8635,0,0,0,0,0,1,0,2020-01-10,2020-01-21
8636,1,1,1,1,1,0,1,2020-01-11,2020-01-21
8637,0,1,1,1,0,0,0,2020-01-11,2020-01-21
8638,1,0,0,0,1,0,0,2020-01-10,2020-01-11
6285,1,0,0,0,0,1,0,2020-01-10,2020-01-11
6077,1,1,1,1,0,0,0,2020-01-10,2020-01-21
8639,0,0,0,0,0,1,0,2020-01-10,2020-01-21
8640,1,0,0,0,1,0,0,2020-01-11,2020-01-21
8641,0,0,0,0,0,1,0,2020-01-10,2020-01-11
8642,0,1,1,1,1,0,0,2020-01-10,2020-01-21
8643,0,0,0,0,0,1,0,2020-01-12,2020-01-21
8644,1,1,1,1,0,1,1,2020-01-10,2020-01-21
6293,0,0,0,0,1,0,0,2020-01-10,2020-01-21
8645,0,0,0,0,0,0,1,2020-01-10,2020-01-20
8646,0,0,0,0,0,0,1,2020-01-10,2020-01-20
1670,1,0,0,0,0,0,1,2020-01-10,2020-01-20
8647,0,0,0,0,0,1,0,2020-01-10,2020-01-21
8648,1,1,1,1,0,0,0,2020-01-10,2020-01-21
1664,0,1,1,1,0,0,0,2020-01-10,2020-01-21
6185,0,1,1,1,1,1,0,2020-01-10,2020-01-21
8649,0,0,0,0,1,1,1,2020-01-10,2020-01-21
1776,1,1,1,1,1,0,0,2020-01-10,2020-01-21
8650,1,0,0,0,0,0,0,2020-01-11,2020-01-20
8651,0,1,1,1,1,1,1,2020-01-10,2020-01-21
8652,1,1,1,1,0,0,0,2020-01-10,2020-01-21
8653,1,1,1,1,0,0,0,2020-01-10,2020-01-21
6032,0,0,0,0,1,0,1,2020-01-10,2020-01-11
8654,1,0,0,0,0,0,0,2020-01-11,2020-01-20
2579,1,1,1,1,0,0,1,2020-01-10,2020-01-11
8655,0,0,0,0,0,1,1,2020-01-10,2020-01-11
8656,0,0,0,0,0,1,1,2020-01-12,2020-01-21
8657,1,0,0,0,0,0,0,2020-01-10,2020-01-10
8658,1,1,1,1,0,0,0,2020-01-11,2020-01-21
8659,1,1,1,1,0,0,0,2020-01-10,2020-01-11
8660,0,1,1,1,1,1,1,2020-01-10,2020-01-21
8661,0,1,0,1,1,0,1,2020-01-10,2020-01-11
8662,1,0,0,0,0,0,1,2020-01-11,2020-01-20
8663,1,0,0,0,0,0,0,2020-01-11,2020-01-20
188,0,0,0,0,0,0,1,2020-01-10,2020-01-20
8664,0,0,0,0,0,0,1,2020-01-12,2020-01-20
8665,0,0,0,0,0,0,1,2020-01-10,2020-01-11
8666,1,0,0,0,0,0,1,2020-01-10,2020-01-11
8667,1,0,0,0,0,0,0,2020-01-10,2020-01-10
8668,0,0,0,0,1,0,0,2020-01-10,2020-01-21
8670,1,0,1,1,1,0,0,2020-01-11,2020-01-21
8671,1,0,1,1,1,0,0,2020-01-10,2020-01-11
8672,1,0,0,0,0,0,0,2020-01-10,2020-01-10
8673,1,1,1,1,0,1,0,2020-01-10,2020-01-21
8674,0,1,1,1,0,0,0,2020-01-10,2020-01-11
8675,0,1,1,1,0,0,0,2020-01-11,2020-01-21
8676,0,1,1,1,1,0,0,2020-01-11,2020-01-21
8677,0,0,0,0,1,1,0,2020-01-10,2020-01-11
8678,0,1,1,1,1,0,0,2020-01-10,2020-01-11
8680,0,1,0,0,0,1,1,2020-01-10,2020-01-11
8681,0,1,0,1,1,0,1,2020-01-10,2020-01-11
8682,0,1,0,0,0,1,1,2020-01-11,2020-01-21
8683,0,0,0,0,1,1,0,2020-01-12,2020-01-21
6281,0,0,0,0,1,0,0,2020-01-10,2020-01-11
8684,1,0,1,1,1,0,0,2020-01-11,2020-01-21
8685,1,0,0,0,0,0,0,2020-01-10,2020-01-11
8686,0,1,0,0,0,0,0,2020-01-11,2020-01-20
8687,0,1,1,1,1,0,0,2020-01-10,2020-01-11
8688,0,0,0,0,0,0,1,2020-01-10,2020-01-11
8689,0,0,0,0,0,0,1,2020-01-12,2020-01-20
8690,0,0,0,0,0,1,1,2020-01-12,2020-01-21
8691,0,0,0,0,0,1,1,2020-01-10,2020-01-11
8692,1,1,1,1,0,0,0,2020-01-11,2020-01-21
8693,0,0,0,0,1,1,0,2020-01-10,2020-01-11
8694,1,1,1,1,0,0,0,2020-01-10,2020-01-11
8695,0,0,0,0,1,1,0,2020-01-12,2020-01-21
1138,0,0,0,0,0,0,1,2021-10-11,2021-10-12
1332,0,0,0,0,1,0,1,2020-01-21,2021-10-12
5873,0,0,0,1,0,0,0,2020-01-22,2020-01-23
8696,1,1,1,1,1,0,0,2020-01-21,2021-10-12
8697,0,1,1,1,0,0,0,2021-10-10,2021-10-12
8698,0,0,0,0,0,0,1,2020-01-21,2021-10-12
8699,0,0,0,0,1,0,0,2021-10-10,2021-10-12
8700,1,1,1,1,0,0,0,2020-01-21,2021-10-12
8701,0,0,0,1,1,0,0,2020-01-21,2021-10-10
8702,0,0,0,0,0,1,0,2021-10-10,2021-10-13
8703,0,0,0,0,1,0,0,2021-10-10,2021-10-12
8704,0,0,0,1,0,0,0,2020-01-22,2020-01-23
8705,1,0,0,0,0,1,0,2020-01-21,2021-10-13
8706,0,0,0,0,0,1,0,2020-01-21,2021-10-13
6002,0,0,0,0,1,0,0,2021-10-10,2021-10-12
5921,1,1,1,1,0,1,1,2021-10-10,2021-10-13
8707,1,1,1,1,0,0,0,2020-01-21,2020-01-23
8708,1,1,1,1,0,0,0,2021-10-10,2021-10-12
8709,1,1,1,1,0,0,0,2020-01-21,2021-10-12
8710,0,0,0,0,0,0,1,2020-01-21,2021-10-12
8711,1,1,1,1,0,0,0,2021-10-10,2021-10-12
8712,1,1,1,1,1,0,0,2020-01-21,2021-10-12
8713,0,0,0,0,0,1,0,2021-10-10,2021-10-13
8714,0,1,1,1,0,0,0,2021-10-10,2021-10-12
8715,0,0,0,1,0,0,0,2020-01-21,2020-01-23
8716,0,0,0,0,0,0,1,2020-01-21,2021-10-12
8717,1,1,1,1,1,0,0,2020-01-21,2021-10-12
8718,0,0,0,0,0,0,1,2020-01-21,2021-10-12
8719,0,0,0,0,1,1,1,2020-01-21,2021-10-13
8720,0,0,0,0,1,0,0,2021-10-10,2021-10-12
8721,1,0,0,0,0,0,0,2020-01-21,2021-10-12
8722,1,1,1,1,0,0,0,2020-01-21,2020-01-23
8723,0,0,0,0,1,0,1,2020-01-21,2021-10-12
8724,1,1,1,1,1,0,0,2020-01-21,2021-10-12
8725,0,0,0,0,0,1,0,2021-10-10,2021-10-13
8726,0,0,0,0,0,1,0,2021-10-10,2021-10-13
8727,1,1,1,1,1,0,0,2020-01-21,2021-10-12
8728,1,0,0,0,0,0,0,2020-01-21,2021-10-12
8729,1,1,1,1,1,0,0,2020-01-21,2021-10-12
8730,1,1,1,1,0,0,0,2020-01-21,2021-10-12
8731,0,1,1,1,1,1,1,2020-01-21,2021-10-13
8732,0,0,0,0,0,1,0,2021-10-10,2021-10-13
8733,1,1,1,0,0,0,1,2020-01-21,2021-10-10
8734,0,0,0,0,1,1,0,2020-01-21,2021-10-10
6074,1,1,1,1,0,0,0,2021-10-10,2021-10-12
8735,0,0,0,0,0,0,1,2021-10-11,2021-10-12
8736,1,1,1,1,1,1,1,2020-01-21,2021-10-13
6286,1,0,0,0,0,1,0,2020-01-21,2021-10-13
8737,1,1,1,1,1,0,0,2021-10-10,2021-10-12
8738,1,1,1,1,1,0,0,2020-01-21,2020-01-23
8739,0,0,0,0,0,1,0,2021-10-10,2021-10-13
8740,0,0,0,0,0,1,0,2020-01-21,2021-10-10
8741,0,0,0,0,1,0,0,2020-01-22,2021-10-10
2581,1,1,1,1,1,1,1,2020-01-21,2021-10-10
8742,0,0,0,0,0,1,0,2021-10-10,2021-10-13
8743,1,1,1,1,1,1,1,2020-01-21,2021-10-10
8744,1,1,1,1,1,1,1,2021-10-10,2021-10-13
8745,1,1,1,1,1,0,0,2021-10-10,2021-10-12
8746,1,1,1,1,1,0,0,2021-10-10,2021-10-12
6099,0,0,0,0,0,0,1,2020-01-21,2021-10-10
8747,1,1,1,1,1,1,0,2020-01-21,2021-10-10
683,0,0,0,0,0,1,1,2020-01-21,2021-10-13
6456,1,1,1,1,1,0,0,2020-01-21,2021-10-12
8748,0,0,0,0,0,1,0,2021-10-10,2021-10-13
8749,1,0,0,0,0,0,0,2020-01-21,2021-10-12
8750,0,0,0,0,0,0,1,2020-01-21,2021-10-12
5430,0,0,0,0,1,0,0,2021-10-10,2021-10-12
6119,0,0,0,0,1,0,0,2021-10-10,2021-10-12
8751,0,1,1,1,0,0,0,2021-10-10,2021-10-12
8752,1,1,1,1,1,0,1,2020-01-21,2021-10-12
8753,1,1,1,1,1,0,1,2020-01-21,2021-10-12
2467,1,1,1,1,1,1,1,2020-01-21,2021-10-13
8754,1,1,1,1,0,0,0,2020-01-21,2021-10-12
6258,0,1,1,1,0,0,1,2020-01-21,2021-10-12
8755,0,0,0,0,1,0,0,2021-10-10,2021-10-12
8756,1,0,0,0,1,0,0,2021-10-10,2021-10-12
8757,0,1,1,1,1,1,1,2020-01-21,2021-10-13
8758,1,1,1,1,1,0,0,2020-01-21,2021-10-12
8759,0,0,0,0,0,1,0,2020-01-21,2021-10-13
8760,1,0,0,0,0,0,0,2020-01-21,2021-10-12
8761,0,0,0,0,0,1,0,2021-10-10,2021-10-13
4764,0,0,0,0,0,0,1,2020-01-21,2021-10-12
6223,0,0,0,0,1,0,0,2021-10-10,2021-10-12
8762,1,1,1,1,1,1,0,2020-01-21,2021-10-13
8763,1,0,1,1,1,0,0,2020-01-21,2021-10-12
340,1,1,1,1,1,1,0,2020-01-21,2021-10-13
8764,0,0,0,0,0,0,1,2020-01-21,2021-10-12
8765,0,1,0,0,0,1,1,2020-01-21,2021-10-13
8766,0,0,0,0,0,0,1,2020-01-21,2021-10-12
8767,0,1,1,1,0,0,0,2021-10-10,2021-10-12
5890,1,1,1,1,0,0,1,2020-01-21,2021-10-12
8768,0,1,1,1,1,0,0,2021-10-10,2021-10-12
8769,1,0,0,0,0,0,0,2020-01-21,2021-10-12
8770,0,1,1,1,1,1,0,2020-01-21,2021-10-13
8771,1,0,0,0,0,0,0,2020-01-21,2021-10-12
6273,0,0,0,0,0,0,1,2020-01-21,2021-10-12
6247,0,0,0,0,0,0,1,2020-01-21,2021-10-11
2716,0,0,0,0,0,0,1,2020-01-21,2021-10-12
8772,0,1,1,1,0,0,0,2021-10-10,2021-10-12
6221,1,0,0,0,0,0,0,2020-01-21,2020-01-22
8773,1,0,0,0,1,0,0,2020-01-21,2021-10-12
6171,1,0,0,0,0,0,0,2021-10-10,2021-10-12
4894,0,0,0,0,0,1,1,2021-10-10,2021-10-13
2149,0,0,0,0,1,1,1,2020-01-21,2021-10-10
8774,1,1,1,1,1,0,0,2020-01-21,2021-10-12
8775,1,1,1,0,1,1,0,2020-01-21,2021-10-10
8776,1,1,1,1,0,1,0,2021-10-10,2021-10-13
8777,0,0,0,0,1,0,1,2021-10-10,2021-10-12
8778,0,0,0,1,0,0,1,2020-01-21,2021-10-10
8779,0,0,0,0,0,1,1,2020-01-21,2021-10-13
6100,0,0,0,0,0,1,0,2021-10-10,2021-10-13
8780,1,1,1,1,0,1,0,2020-01-21,2021-10-13
8781,0,1,1,1,1,0,0,2021-10-10,2021-10-12
8782,0,0,0,0,1,0,1,2020-01-21,2021-10-12
8783,1,0,0,0,0,0,0,2020-01-21,2021-10-12
5379,0,0,0,0,0,1,0,2020-01-21,2021-10-13
5381,0,0,0,0,0,0,1,2020-01-21,2021-10-12
8784,1,1,1,1,1,1,0,2020-01-21,2021-10-10
8785,0,1,1,1,1,1,0,2021-10-11,2021-10-13
8786,1,1,1,1,1,1,0,2021-10-10,2021-10-12
8787,0,0,0,0,0,0,1,2021-10-11,2021-10-12
8788,0,0,0,0,0,0,1,2020-01-21,2021-10-10
251,1,1,1,1,1,1,1,2020-01-10,2020-01-21
1946,1,1,1,1,1,1,1,2020-01-21,2021-10-11
6471,0,1,1,1,1,1,1,2021-10-11,2021-10-13
6470,1,0,0,0,0,0,0,2021-10-11,2021-10-12
8789,1,1,1,1,0,0,0,2020-01-22,2020-01-23
8790,0,0,0,0,1,0,0,2020-01-22,2021-10-10
8791,0,0,0,0,1,0,1,2020-01-21,2021-10-12
6473,0,0,0,0,1,0,0,2021-10-10,2021-10-12
451,1,1,1,1,0,0,0,2020-01-21,2021-10-12
8792,0,0,0,0,0,0,1,2020-01-21,2021-10-12
5128,0,0,0,0,0,0,1,2020-01-22,2020-01-22
8793,0,0,0,0,1,1,0,2021-10-12,2021-10-13
8794,1,1,1,1,0,0,0,2021-10-10,2021-10-11
8795,1,1,1,1,0,0,0,2021-10-11,2021-10-12
8796,0,0,0,0,1,1,0,2020-01-21,2021-10-11
2182,1,1,1,1,1,0,0,2020-01-21,2021-10-12
8797,0,0,0,1,0,0,0,2020-01-22,2020-01-23
3857,0,0,0,0,0,0,1,2020-01-21,2021-10-12
8798,0,0,0,0,1,0,0,2021-10-10,2021-10-12
2636,0,0,0,0,0,0,1,2020-01-21,2021-10-12
2652,0,0,0,0,0,0,1,2020-01-21,2021-10-12
8799,0,0,0,0,0,0,1,2021-10-11,2021-10-12
8800,0,0,0,0,0,0,1,2020-01-21,2021-10-10
8801,1,1,1,1,0,0,0,2020-01-21,2020-01-23
8802,1,1,1,1,0,0,0,2021-10-10,2021-10-12
8803,1,0,0,0,0,0,0,2021-10-10,2021-10-12
8804,1,0,0,0,0,0,0,2020-01-21,2020-01-22
8805,0,1,1,1,1,0,0,2021-10-10,2021-10-12
8806,0,1,1,1,0,0,0,2020-01-21,2020-01-23
8807,0,0,0,0,0,0,1,2020-01-21,2021-10-12
8808,0,0,0,0,0,0,1,2020-01-21,2021-10-12
8809,0,0,0,0,0,1,0,2020-01-22,2021-10-10
8810,0,0,0,0,0,1,0,2021-10-10,2021-10-13
8811,0,0,0,0,0,0,1,2020-01-21,2021-10-12
523,1,1,1,1,1,0,0,2020-01-21,2021-10-12
6511,1,1,1,1,1,1,0,2020-01-21,2021-10-13
3895,0,0,0,0,1,1,0,2020-01-21,2021-10-10
8812,0,0,0,0,0,1,1,2020-01-21,2021-10-13
5965,1,1,1,1,1,1,1,2020-01-21,2021-10-13
8813,0,0,0,0,0,1,0,2020-01-22,2021-10-10
1643,0,0,0,0,1,0,0,2021-10-10,2021-10-12
8814,1,1,1,1,1,1,0,2020-01-21,2021-10-13
8816,1,1,1,1,1,1,1,2020-01-21,2021-10-13
8819,1,1,1,1,1,0,0,2020-01-21,2021-10-12
8820,1,1,1,1,1,1,0,2020-01-21,2021-10-13
8821,0,0,0,0,0,1,0,2020-01-21,2021-10-13
8822,1,1,1,1,1,1,1,2020-01-21,2021-10-13
8824,0,0,0,0,0,1,0,2020-01-22,2021-10-10
8825,0,0,0,0,0,0,1,2020-01-21,2021-10-12
8827,1,1,1,1,1,0,1,2020-01-21,2020-01-22
6879,1,1,1,1,0,0,0,2020-01-21,2020-01-22
8828,1,1,1,1,0,0,0,2021-10-11,2021-10-12
8829,0,0,0,0,1,0,0,2021-10-10,2021-10-12
8830,1,0,0,0,0,0,0,2020-01-21,2021-10-12
6853,0,0,0,0,0,0,1,2020-01-22,2021-10-12
5639,0,0,0,0,1,0,0,2021-10-10,2021-10-12
8831,0,0,0,0,1,0,0,2021-10-10,2021-10-12
6857,0,0,0,0,0,1,0,2021-10-10,2021-10-13
8832,0,0,0,0,0,1,1,2020-01-21,2021-10-13
8833,0,0,0,0,0,1,0,2020-01-21,2021-10-13
8834,0,0,0,0,0,1,0,2020-01-22,2021-10-10
8835,0,0,0,0,0,1,1,2020-01-21,2021-10-13
6871,0,0,0,0,0,1,0,2021-10-10,2021-10-13
8836,0,0,0,0,0,1,0,2020-01-21,2021-10-13
8837,0,0,0,0,0,1,1,2021-10-10,2021-10-13
2972,0,0,0,0,0,1,0,2020-01-21,2021-10-10
8838,0,0,0,1,1,0,0,2020-01-22,2021-10-12
8839,0,0,0,0,1,0,0,2021-10-10,2021-10-12
8840,0,0,0,0,0,1,0,2021-10-10,2021-10-13
8841,0,0,0,0,0,1,1,2020-01-21,2021-10-13
8842,0,0,0,0,0,1,1,2020-01-21,2021-10-13
8843,0,0,0,0,0,0,1,2020-01-21,2021-10-12
8844,0,0,0,0,0,1,1,2020-01-21,2021-10-13
8845,0,0,0,0,0,1,1,2020-01-21,2021-10-13
8846,0,0,0,0,0,1,0,2020-01-21,2021-10-13
8847,0,0,0,0,0,1,1,2020-01-21,2021-10-13
2648,0,0,0,0,0,1,1,2020-01-11,2020-01-12
8848,0,0,0,0,0,1,1,2020-01-21,2021-10-12
3671,0,0,0,0,0,0,1,2020-01-12,2020-01-20
1527,1,1,1,1,1,0,0,2020-01-21,2021-10-12
8849,0,0,0,0,0,1,1,2020-01-21,2021-10-12
3982,1,1,1,1,1,0,0,2020-01-21,2021-10-12
8851,0,0,0,0,1,1,1,2020-01-21,2021-10-12
7849,0,0,0,0,0,1,1,2020-01-11,2020-01-12
7846,1,1,1,1,1,0,0,2020-01-11,2020-01-21
7844,0,0,0,0,0,1,1,2020-01-12,2020-01-21
663,1,1,0,1,1,0,0,2020-01-10,2020-01-11
7780,1,1,1,1,1,0,0,2020-01-21,2021-10-12
7782,1,0,0,0,0,0,0,2020-01-11,2020-01-12
3976,0,0,0,0,0,1,1,2020-01-12,2020-01-21
1658,1,1,1,1,0,0,0,2020-01-10,2020-01-11
3462,1,1,1,1,0,0,0,2020-01-10,2020-01-10
5661,0,0,0,0,0,1,1,2020-01-12,2020-01-21
8852,0,0,0,0,0,1,1,2020-01-21,2021-10-12
7449,0,0,0,0,0,1,1,2020-01-12,2020-01-21
2798,0,0,0,0,1,1,0,2020-01-21,2021-10-10
8854,0,0,0,0,0,1,1,2020-01-21,2021-10-12
8855,0,0,0,0,0,1,1,2020-01-21,2021-10-12
8857,1,1,1,1,1,0,0,2020-01-21,2020-01-22
8858,0,0,0,1,1,1,1,2020-01-21,2021-10-10
8859,1,1,1,1,1,1,1,2020-01-21,2021-10-12
8860,0,0,0,0,0,0,1,2020-01-21,2021-10-12
8861,0,0,0,0,1,1,1,2020-01-22,2021-10-10
8862,1,1,1,1,1,0,0,2020-01-21,2021-10-12
8863,1,1,1,1,1,0,1,2020-01-21,2021-10-12
8864,1,1,1,1,1,1,1,2020-01-10,2020-01-21
8865,0,0,1,1,0,0,0,2020-01-10,2020-01-10
6135,1,1,1,1,1,1,1,2020-01-10,2020-01-21
1,1,1,1,1,1,1,1,2020-01-10,2020-01-21
409,0,0,0,0,1,1,0,2020-01-10,2020-01-21
6792,1,1,1,1,1,1,0,2020-01-10,2020-01-21
8866,0,0,0,0,1,0,0,2020-01-10,2020-01-21
1749,0,1,1,0,0,0,0,2020-01-10,2020-01-10
8868,1,1,1,1,1,1,1,2020-01-10,2020-01-21
1751,1,1,1,1,1,1,1,2020-01-10,2020-01-21
8869,0,0,0,0,0,0,1,2020-01-21,2021-10-12
8870,0,0,0,0,0,1,0,2020-01-21,2021-10-13
8871,0,0,0,0,1,0,0,2021-10-10,2021-10-12
1191,0,0,0,0,0,1,0,2020-01-21,2021-10-13
1870,0,0,0,0,0,1,0,2020-01-22,2021-10-13
8872,0,0,0,0,0,1,1,2020-01-21,2021-10-13
1869,0,0,0,0,0,1,0,2020-01-21,2021-10-10
8874,0,1,1,1,1,0,0,2020-01-11,2020-01-12
5702,0,0,1,0,0,1,1,2020-01-11,2020-01-11
5699,1,1,1,1,1,1,1,2020-01-10,2020-01-21
6803,1,1,1,1,1,1,0,2020-01-10,2020-01-11
2514,0,1,1,1,1,0,0,2020-01-10,2020-01-21
6676,1,1,1,1,1,1,1,2020-01-10,2020-01-21
6678,0,0,1,0,0,1,1,2020-01-11,2020-01-11
8875,1,1,1,1,0,0,0,2020-01-10,2020-01-21
2524,0,0,0,0,0,1,1,2020-01-10,2020-01-21
7502,1,1,1,1,1,1,1,2020-01-10,2020-01-11
5225,1,1,1,1,1,0,1,2020-01-10,2020-01-11
8878,1,1,1,1,1,1,1,2020-01-10,2020-01-11
8879,0,0,1,1,0,0,0,2020-01-10,2020-01-10
2256,1,0,0,0,0,0,0,2020-01-10,2020-01-20
2257,0,1,0,0,0,0,0,2020-01-20,2020-01-21
6644,0,0,0,0,0,1,1,2020-01-10,2020-01-11
2254,0,1,0,0,0,0,0,2020-01-10,2020-01-11
5239,1,1,1,1,0,0,0,2020-01-10,2020-01-21
7680,0,0,0,0,0,1,1,2020-01-10,2020-01-21
6832,0,0,0,0,0,1,0,2020-01-10,2020-01-11
8881,1,1,1,1,1,0,0,2020-01-10,2020-01-21
7513,1,1,1,0,1,0,0,2021-10-11,2021-10-12
8882,1,1,1,0,1,0,0,2021-10-12,2021-10-12
8883,1,1,1,1,1,1,1,2020-01-21,2021-10-12
363,0,0,0,0,0,1,0,2020-01-10,2020-01-21
6399,1,1,1,1,1,0,0,2020-01-12,2020-01-21
830,1,1,1,1,1,0,0,2020-01-11,2020-01-12
6382,0,0,0,0,0,0,1,2020-01-10,2020-01-20
8885,1,1,1,1,1,1,1,2020-01-21,2021-10-12
8886,1,1,1,1,1,1,1,2020-01-21,2021-10-13
8887,0,1,1,1,1,1,1,2020-01-21,2021-10-13
7055,0,1,1,1,0,0,0,2021-10-10,2021-10-12
8888,1,0,0,0,0,0,0,2020-01-22,2021-10-12
8889,0,0,0,0,1,1,1,2021-10-10,2021-10-13
8890,1,1,1,1,1,0,0,2021-10-10,2021-10-12
8891,0,0,0,0,1,1,0,2021-10-10,2021-10-13
8892,0,0,0,0,0,1,1,2021-10-10,2021-10-13
8893,1,1,1,1,0,0,1,2020-01-21,2021-10-12
8894,1,1,1,1,1,1,1,2020-01-21,2021-10-13
479,0,0,0,0,0,1,0,2020-01-10,2020-01-21
84,0,1,1,1,1,0,0,2020-01-10,2020-01-21
5325,1,1,1,1,0,0,0,2020-01-10,2020-01-11
12,1,0,0,0,0,0,0,2020-01-10,2020-01-20
4844,0,0,0,0,1,0,1,2020-01-10,2020-01-21
6773,1,1,1,1,0,1,0,2020-01-10,2020-01-21
6048,0,1,1,1,0,1,0,2020-01-10,2020-01-21
2844,1,1,1,1,0,1,0,2020-01-10,2020-01-21
6733,1,1,1,1,0,1,0,2020-01-10,2020-01-21
6737,0,0,0,0,1,0,1,2020-01-10,2020-01-21
5329,0,0,0,0,1,0,0,2020-01-10,2020-01-12
6724,0,0,0,0,1,0,1,2020-01-10,2020-01-21
5178,1,1,1,1,0,1,0,2020-01-10,2020-01-21
4373,1,1,1,1,1,1,0,2020-01-10,2020-01-21
126,1,1,1,1,1,0,0,2020-01-10,2020-01-21
4847,1,1,1,1,0,1,0,2020-01-10,2020-01-21
259,1,1,1,1,0,0,0,2020-01-10,2020-01-21
3359,1,1,1,1,1,0,1,2020-01-10,2020-01-21
3223,0,1,1,0,0,0,0,2020-01-10,2020-01-10
6762,1,1,1,1,1,0,0,2020-01-10,2020-01-21
6707,0,0,0,0,0,1,1,2020-01-10,2020-01-21
1331,0,0,0,0,1,0,1,2020-01-10,2020-01-21
3220,0,1,1,1,1,0,0,2020-01-10,2020-01-12
215,1,1,0,0,0,0,0,2020-01-10,2020-01-10
6602,1,0,0,0,0,0,1,2020-01-10,2020-01-12
8898,1,1,1,1,0,1,0,2020-01-10,2020-01-21
8899,0,0,0,0,1,0,0,2021-10-10,2021-10-12
8900,0,0,0,0,0,0,1,2020-01-21,2021-10-12
8901,0,0,0,0,0,1,0,2020-01-21,2021-10-13
8902,0,0,0,0,0,0,1,2020-01-21,2021-10-12
8903,0,0,0,0,0,1,0,2020-01-21,2021-10-13
6776,0,0,0,0,0,0,1,2020-01-21,2021-10-12
8904,0,0,0,0,0,1,0,2020-01-21,2021-10-13
8905,0,0,0,0,0,1,1,2020-01-21,2021-10-13
59,0,0,0,1,1,0,0,2020-01-10,2020-01-21
2023,0,0,0,0,1,1,1,2020-01-10,2020-01-21
3,1,1,1,1,1,0,1,2020-01-10,2020-01-21
2022,1,1,1,1,0,0,0,2020-01-10,2020-01-21
8906,1,1,1,1,1,0,1,2020-01-10,2020-01-21
839,1,1,1,1,1,1,0,2020-01-10,2020-01-21
8908,1,1,1,1,1,1,0,2020-01-10,2020-01-21
2101,1,1,1,1,1,1,1,2020-01-21,2021-10-12
2992,1,1,1,1,1,1,1,2020-01-21,2021-10-12
6794,1,1,1,0,1,1,0,2020-01-21,2021-10-12
6699,1,0,0,0,1,1,1,2020-01-21,2021-10-12
6880,1,1,1,1,1,1,1,2020-01-21,2021-10-12
3818,0,0,0,0,1,1,0,2021-10-10,2021-10-12
7756,1,1,1,1,1,1,1,2020-01-21,2021-10-12
6322,1,1,1,1,1,1,1,2020-01-21,2021-10-12
6634,1,1,1,1,1,0,1,2020-01-21,2021-10-12
8910,1,0,0,0,1,1,1,2020-01-21,2021-10-12
1748,0,1,1,1,1,1,1,2020-01-21,2021-10-12
6703,0,0,0,0,0,1,1,2021-10-10,2021-10-12
6786,1,1,1,1,1,1,1,2020-01-21,2021-10-12
2325,0,0,0,0,0,1,1,2020-01-21,2021-10-13
6692,0,0,0,0,0,1,1,2020-01-10,2020-01-21
4742,0,0,0,0,0,1,1,2020-01-11,2020-01-21
1182,1,1,1,1,1,0,0,2020-01-13,2020-01-20
6796,1,1,1,1,1,1,0,2020-01-10,2020-01-21
752,1,1,1,1,1,1,1,2020-01-21,2021-10-13
4871,1,1,1,1,1,0,0,2020-01-10,2020-01-21
762,1,1,1,1,1,1,1,2020-01-21,2021-10-13
8911,1,1,1,1,1,1,1,2020-01-10,2020-01-21
2963,1,1,1,1,1,1,1,2020-01-21,2021-10-13
700,1,1,1,1,1,1,1,2020-01-10,2020-01-21
8913,1,1,1,1,0,1,0,2020-01-10,2020-01-21
5514,1,1,1,1,0,0,0,2020-01-10,2020-01-21
97,1,0,0,1,1,0,0,2020-01-10,2020-01-21
6624,1,1,1,1,0,0,1,2020-01-10,2020-01-21
63,0,0,0,1,1,0,1,2020-01-10,2020-01-21
5512,0,0,0,0,1,0,0,2020-01-10,2020-01-21
5011,1,1,0,0,0,0,0,2020-01-10,2020-01-20
5009,0,0,1,1,1,0,0,2020-01-10,2020-01-21
383,0,0,0,0,0,0,1,2020-01-10,2020-01-20
5192,0,0,1,1,1,1,1,2020-01-10,2020-01-21
3643,0,1,1,1,1,0,0,2020-01-10,2020-01-21
3642,1,0,0,0,0,0,0,2020-01-10,2020-01-20
4886,0,1,0,0,1,0,0,2020-01-10,2020-01-21
7823,1,1,1,1,1,0,0,2020-01-10,2020-01-21
1916,1,1,1,1,1,1,1,2020-01-21,2021-10-13
8916,1,1,1,1,0,0,0,2020-01-10,2020-01-20
6584,0,0,0,0,1,1,1,2020-01-10,2020-01-21
6587,1,1,1,0,0,0,0,2020-01-13,2020-01-21
3861,0,0,0,0,1,1,1,2020-01-10,2020-01-21
6568,1,1,1,1,1,1,1,2020-01-10,2020-01-21
1357,1,1,1,1,1,1,0,2020-01-10,2020-01-11
269,0,0,0,0,0,1,1,2020-01-20,2020-01-21
2005,0,1,1,1,1,1,0,2020-01-10,2020-01-21
8917,1,1,1,1,1,0,0,2021-10-10,2021-10-11
6409,1,1,1,1,1,1,1,2020-01-10,2020-01-21
8920,1,1,1,1,1,1,0,2020-01-21,2021-10-12
8921,0,0,0,0,0,0,1,2020-01-21,2021-10-12
8922,1,1,1,1,1,0,0,2020-01-21,2021-10-12
8923,0,0,0,0,0,0,1,2021-10-10,2021-10-12
8924,0,0,0,0,0,1,0,2020-01-21,2021-10-12
8925,0,0,0,0,0,0,1,2020-01-22,2021-10-11
8927,1,1,1,1,0,0,0,2020-01-21,2021-10-11
8929,0,0,0,0,0,0,1,2020-01-22,2021-10-10
8930,1,1,1,1,1,0,0,2021-10-10,2021-10-12
8931,0,0,0,0,1,1,0,2020-01-21,2021-10-12
8932,0,0,0,0,0,0,1,2020-01-21,2021-10-12
8934,0,0,0,0,0,1,0,2020-01-21,2021-10-12
8935,1,0,0,0,0,0,0,2020-01-21,2021-10-12
8936,0,0,0,0,0,0,1,2021-10-10,2021-10-12
4317,0,0,0,0,1,1,1,2020-01-10,2020-01-21
2633,1,1,1,1,1,1,1,2020-01-10,2020-01-21
7509,0,0,0,0,0,1,1,2020-01-10,2020-01-21
7512,1,1,1,1,1,0,0,2020-01-10,2020-01-11
243,1,1,1,1,1,0,0,2020-01-12,2020-01-21
1563,1,1,1,1,1,0,0,2020-01-10,2020-01-10
7507,1,0,1,0,1,0,0,2020-01-11,2020-01-12
835,1,1,1,1,1,0,0,2020-01-10,2020-01-10
5846,0,0,0,0,0,1,0,2020-01-12,2020-01-21
5842,0,0,0,0,0,0,1,2020-01-12,2020-01-20
4794,1,1,1,1,1,1,1,2020-01-12,2020-01-21
4799,1,1,1,1,1,1,1,2020-01-10,2020-01-12
359,0,0,0,0,0,1,0,2020-01-10,2020-01-21
1805,1,1,1,1,1,0,1,2020-01-10,2020-01-21
8937,0,0,0,0,0,1,0,2020-01-10,2020-01-21
6380,1,0,0,0,0,0,1,2020-01-10,2020-01-20
4288,0,0,0,0,0,0,1,2020-01-10,2020-01-20
6343,0,0,0,1,0,0,0,2020-01-22,2020-01-23
6338,0,0,0,0,0,1,0,2021-10-10,2021-10-13
6337,1,1,1,1,1,0,0,2020-01-21,2021-10-12
1392,0,1,0,0,0,0,0,2020-01-10,2020-01-11
8938,1,1,1,1,1,1,0,2020-01-21,2021-10-13
8939,0,0,0,0,0,1,1,2020-01-10,2020-01-11
2574,0,0,0,0,1,1,0,2020-01-10,2020-01-11
3953,1,1,1,1,1,1,1,2020-01-21,2021-10-13
8940,0,0,0,0,0,1,1,2020-01-21,2021-10-13
8942,1,1,1,1,1,1,0,2020-01-21,2021-10-13
8943,1,1,1,1,1,1,0,2020-01-21,2021-10-13
647,1,1,1,1,1,0,0,2020-01-21,2021-10-12
8944,0,0,0,0,0,0,1,2020-01-21,2021-10-12
6166,0,0,0,0,1,1,0,2020-01-12,2020-01-21
6065,0,0,0,0,0,0,1,2020-01-21,2021-10-12
8946,1,1,1,1,1,0,1,2020-01-21,2021-10-12
6284,1,1,1,1,1,1,1,2020-01-21,2021-10-13
8947,1,1,1,1,1,1,0,2020-01-21,2021-10-13
8948,0,0,0,1,0,0,0,2020-01-22,2020-01-23
8949,0,0,0,0,0,1,0,2020-01-22,2020-01-22
8950,0,0,0,0,0,0,1,2020-01-21,2021-10-12
8951,0,0,0,0,0,0,1,2020-01-21,2021-10-12
8953,1,0,0,0,0,1,0,2020-01-22,2021-10-10
8954,0,0,0,0,0,1,0,2020-01-22,2021-10-10
8955,1,1,1,1,1,1,0,2020-01-21,2021-10-13
8956,1,1,1,1,1,0,0,2020-01-21,2021-10-12
8957,1,1,1,1,1,1,0,2020-01-21,2021-10-13
8958,1,0,0,0,0,1,0,2020-01-22,2021-10-10
8959,0,0,0,0,0,1,0,2020-01-21,2021-10-13
8960,1,1,1,1,1,1,1,2020-01-21,2021-10-13
8962,1,1,1,1,1,1,0,2020-01-21,2021-10-13
8963,1,1,1,1,1,0,1,2020-01-21,2021-10-12
8964,0,0,0,0,0,1,0,2020-01-21,2021-10-12
5454,1,1,1,1,1,0,0,2020-01-21,2021-10-12
8965,1,1,1,1,1,0,0,2020-01-10,2020-01-21
4210,0,0,0,0,0,1,0,2021-10-10,2021-10-11
8967,0,0,0,0,0,1,1,2021-10-10,2021-10-13
8968,0,0,0,0,0,1,0,2020-01-21,2021-10-13
8969,0,0,0,0,0,1,1,2020-01-21,2021-10-13
4668,0,0,0,0,0,1,0,2020-01-21,2021-10-13
8970,1,1,1,1,1,1,0,2020-01-21,2021-10-13
1516,1,1,1,1,1,0,0,2020-01-21,2021-10-12
4206,0,0,0,0,1,1,1,2020-01-21,2021-10-10
5343,1,1,1,1,1,0,0,2020-01-11,2020-01-21
8971,1,1,1,1,1,1,1,2020-01-21,2021-10-12
5340,0,0,0,0,0,1,1,2020-01-11,2020-01-21
6836,1,1,1,1,0,0,0,2020-01-12,2020-01-21
5326,0,0,0,0,0,1,0,2021-10-10,2021-10-13
4846,1,1,1,1,1,1,1,2020-01-21,2021-10-13
6835,0,0,0,0,1,0,1,2020-01-12,2020-01-21
6613,1,1,1,1,1,1,0,2020-01-21,2021-10-13
8973,1,1,1,1,0,1,0,2020-01-10,2020-01-21
6603,1,1,1,1,1,1,1,2021-10-11,2021-10-13
2619,1,1,1,1,1,1,0,2021-10-11,2021-10-13
6601,1,1,1,1,1,1,1,2020-01-21,2021-10-11
6761,1,1,1,1,1,1,0,2020-01-21,2021-10-10
6800,1,1,1,1,1,1,1,2020-01-21,2021-10-13
5568,0,0,0,0,0,1,1,2020-01-21,2021-10-13
4321,1,1,1,1,1,1,1,2020-01-21,2021-10-13
4684,1,1,1,1,1,1,1,2020-01-10,2020-01-21
3304,0,0,0,0,0,0,1,2020-01-21,2021-10-12
8001,0,0,0,0,0,1,0,2021-10-10,2021-10-13
8000,0,0,0,1,0,0,0,2020-01-21,2020-01-23
8005,1,1,1,1,1,0,0,2021-10-10,2021-10-12
6562,1,1,1,1,1,0,0,2020-01-21,2021-10-12
4934,1,1,1,1,1,1,1,2021-10-11,2021-10-13
3121,1,1,1,1,1,1,1,2020-01-21,2021-10-13
2461,0,0,0,0,0,1,0,2020-01-21,2021-10-12
2061,1,1,1,1,1,1,1,2020-01-21,2021-10-13
6126,1,1,1,1,1,1,1,2020-01-10,2020-01-21
82,0,0,0,0,1,1,1,2020-01-10,2020-01-21
1196,1,1,1,1,1,0,0,2020-01-21,2021-10-12
5058,0,0,0,1,1,1,1,2020-01-21,2021-10-13
2060,0,0,0,0,0,1,1,2020-01-21,2021-10-13
7716,0,0,0,0,0,1,0,2020-01-10,2020-01-20
7053,0,0,0,0,1,1,1,2021-10-10,2021-10-13
234,1,1,1,1,1,0,0,2020-01-10,2020-01-11
6694,1,1,1,1,1,0,1,2020-01-21,2021-10-12
3636,0,0,0,0,0,1,0,2021-10-10,2021-10-13
4326,0,0,0,0,0,0,1,2020-01-22,2021-10-12
5425,0,0,0,0,0,1,0,2021-10-10,2021-10-13
3602,1,1,1,1,1,0,1,2020-01-21,2021-10-12
4535,0,0,0,0,0,0,1,2020-01-21,2021-10-12
5297,0,0,0,0,0,0,1,2020-01-21,2021-10-12
4443,1,0,0,0,0,0,1,2020-01-21,2021-10-12
7959,0,0,0,0,1,0,0,2021-10-10,2021-10-12
3663,0,0,0,0,0,1,0,2020-01-11,2020-01-21
4444,1,1,1,1,0,0,1,2020-01-10,2020-01-21
4446,1,1,1,1,0,0,1,2020-01-10,2020-01-10
2026,1,0,0,0,0,0,0,2020-01-21,2021-10-12
6711,1,0,0,0,0,1,1,2020-01-21,2021-10-13
2458,1,1,1,1,1,0,0,2020-01-21,2021-10-12
6704,1,1,1,1,1,0,1,2020-01-10,2020-01-10
2737,0,0,0,0,1,0,0,2020-01-11,2020-01-21
6620,1,1,1,1,1,0,1,2020-01-10,2020-01-21
195,1,1,1,1,1,0,0,2020-01-10,2020-01-10
2137,0,0,0,0,0,1,0,2020-01-13,2020-01-21
176,1,1,1,1,1,0,0,2020-01-10,2020-01-21
6767,0,0,0,0,1,0,0,2020-01-12,2020-01-21
6622,1,1,1,1,0,0,1,2020-01-10,2020-01-10
6765,0,0,0,0,0,0,1,2020-01-11,2020-01-20
6831,1,1,1,1,1,0,1,2020-01-10,2020-01-10
6716,1,1,1,1,1,0,1,2020-01-10,2020-01-21
6038,0,0,0,0,1,1,0,2020-01-11,2020-01-21
6037,0,0,0,0,1,1,0,2020-01-10,2020-01-10
6766,0,0,0,0,0,1,0,2020-01-10,2020-01-21
1659,1,1,1,1,0,0,0,2020-01-10,2020-01-10
7850,1,1,1,1,0,0,0,2020-01-10,2020-01-21
2122,0,0,0,0,0,1,1,2020-01-11,2020-01-21
6709,0,0,0,0,0,1,1,2020-01-10,2020-01-10
3600,0,0,0,0,0,0,1,2020-01-10,2020-01-12
2559,1,1,1,1,1,0,0,2020-01-10,2020-01-11
3043,0,0,0,0,0,1,1,2020-01-10,2020-01-21
6673,0,0,0,0,0,1,1,2020-01-10,2020-01-21
6619,1,1,1,1,1,1,0,2020-01-10,2020-01-21
6668,1,0,0,1,1,0,0,2020-01-10,2020-01-10
1543,0,0,0,0,1,1,1,2020-01-10,2020-01-21
5869,1,1,1,1,1,0,1,2020-01-21,2021-10-12
6754,0,0,0,0,0,0,1,2020-01-22,2021-10-12
1860,1,1,1,1,1,1,1,2020-01-21,2021-10-13
2730,1,0,0,0,1,0,1,2020-01-21,2021-10-12
3910,1,1,1,1,1,1,0,2020-01-21,2021-10-13
4711,0,0,0,0,0,0,1,2020-01-22,2021-10-12
2389,1,1,1,1,1,1,1,2020-01-21,2021-10-13
6757,1,0,0,0,0,0,0,2020-01-21,2021-10-12
4116,0,0,0,0,1,1,1,2021-10-10,2021-10-13
6807,1,1,1,1,1,1,0,2020-01-21,2021-10-13
6845,1,1,1,1,1,1,1,2020-01-21,2021-10-13
6870,0,0,0,0,0,0,1,2020-01-10,2020-01-12
7936,1,1,1,1,1,1,1,2020-01-21,2021-10-13
4501,1,0,0,0,0,0,1,2020-01-21,2021-10-12
6771,1,0,0,0,1,1,1,2020-01-21,2021-10-13
6632,0,0,0,0,0,0,1,2020-01-22,2021-10-12
2731,1,1,1,1,0,0,0,2020-01-10,2020-01-11
4124,1,1,1,1,1,1,1,2020-01-10,2020-01-21
3912,1,1,1,1,1,1,0,2020-01-10,2020-01-11
4710,0,0,0,0,0,0,1,2020-01-10,2020-01-11
4118,0,0,0,0,0,0,1,2020-01-10,2020-01-12
3814,0,0,0,0,1,1,0,2020-01-10,2020-01-11
4117,0,0,0,0,1,1,1,2020-01-12,2020-01-21
3975,1,1,0,0,0,0,0,2020-01-10,2020-01-10
2383,1,1,0,0,0,0,0,2020-01-10,2020-01-10
5870,1,1,1,1,1,0,1,2020-01-10,2020-01-11
6756,1,1,1,1,1,0,1,2020-01-10,2020-01-11
2386,1,1,1,1,1,1,1,2020-01-10,2020-01-11
5123,1,1,1,1,1,0,1,2020-01-10,2020-01-11
6806,1,1,1,1,1,1,0,2020-01-10,2020-01-11
1159,1,1,1,1,1,1,1,2020-01-10,2020-01-11
4503,1,1,1,1,0,0,1,2020-01-10,2020-01-11
6775,1,0,0,0,1,1,1,2020-01-11,2020-01-21
6774,1,0,0,0,1,1,1,2020-01-10,2020-01-11
6457,1,1,1,1,1,0,1,2020-01-10,2020-01-21
713,1,1,1,1,1,1,1,2020-01-10,2020-01-21
5771,1,1,1,1,1,1,1,2020-01-10,2020-01-11
6497,1,1,1,1,1,1,1,2020-01-11,2020-01-21
1090,0,0,0,0,0,1,1,2020-01-10,2020-01-11
6498,1,1,1,1,1,1,1,2020-01-10,2020-01-11
7557,1,1,1,0,0,0,0,2020-01-10,2020-01-10
7556,1,1,0,1,1,0,0,2020-01-10,2020-01-11
1949,1,0,1,1,0,1,1,2020-01-10,2020-01-11
1943,0,1,0,0,0,0,0,2020-01-10,2020-01-11
5667,1,1,1,1,0,1,1,2020-01-11,2020-01-21
4153,1,0,1,1,1,1,1,2020-01-11,2020-01-21
4154,1,0,1,1,1,1,1,2020-01-10,2020-01-11
4151,0,1,0,0,0,0,0,2020-01-11,2020-01-20
4152,0,1,0,0,0,0,0,2020-01-10,2020-01-11
7872,1,0,0,0,0,0,0,2020-01-10,2020-01-20
6565,0,0,0,0,1,1,1,2020-01-10,2020-01-21
5517,1,0,0,0,0,1,1,2020-01-10,2020-01-21
6023,0,1,1,1,0,0,1,2020-01-10,2020-01-21
258,0,0,0,0,0,1,1,2020-01-10,2020-01-21
3806,0,1,1,1,1,1,1,2020-01-10,2020-01-21
6564,0,0,0,0,1,1,1,2020-01-21,2021-10-13
3412,1,1,1,1,1,1,0,2021-10-10,2021-10-11
5469,0,0,0,0,1,1,1,2021-10-10,2021-10-13
3413,1,1,1,1,1,1,0,2021-10-11,2021-10-13
6992,0,0,0,0,1,0,1,2020-01-22,2021-10-11
7092,1,0,0,0,0,0,0,2021-10-11,2021-10-12
6520,1,1,1,1,1,0,0,2021-10-10,2021-10-11
6991,0,0,0,0,1,0,1,2021-10-12,2021-10-12
6529,1,1,1,1,1,0,1,2021-10-10,2021-10-11
6530,1,1,1,1,1,0,1,2021-10-11,2021-10-12
6540,1,1,1,1,1,0,0,2020-01-21,2021-10-12
3325,0,0,0,0,0,0,1,2020-01-21,2021-10-12
6508,1,0,0,0,1,0,0,2020-01-22,2021-10-10
2536,1,1,1,1,1,0,1,2020-01-21,2021-10-12
7871,1,0,0,0,0,0,0,2021-10-10,2021-10-11
6507,0,0,0,0,1,0,1,2020-01-22,2021-10-12
6527,1,1,1,1,1,1,0,2020-01-21,2021-10-13
6541,0,0,0,0,0,1,0,2020-01-21,2021-10-13
593,0,0,0,0,0,1,0,2020-01-21,2021-10-11
3106,1,1,1,1,1,0,0,2021-10-11,2021-10-12
6532,1,1,1,1,1,1,1,2021-10-10,2021-10-11
4247,0,0,0,0,0,1,0,2021-10-12,2021-10-13
6539,0,1,1,1,0,0,1,2020-01-21,2021-10-12
2460,1,1,1,1,1,0,1,2020-01-21,2021-10-12
3967,0,0,0,0,1,1,0,2021-10-10,2021-10-13
5153,0,0,0,0,1,0,1,2021-10-10,2021-10-12
4878,1,0,0,0,0,0,0,2020-01-21,2021-10-12
5854,1,0,0,0,0,0,0,2020-01-21,2021-10-12
6577,1,0,0,0,0,0,0,2021-10-10,2021-10-12
624,1,1,1,1,1,1,0,2020-01-21,2021-10-13
5520,1,0,0,0,0,1,1,2020-01-21,2021-10-13
3000,0,1,1,1,1,0,0,2021-10-10,2021-10-12
4645,1,1,1,1,1,1,1,2020-01-21,2021-10-13
3807,0,1,1,1,1,1,1,2020-01-21,2021-10-13
6615,1,1,0,1,0,0,0,2020-01-21,2021-10-12
6827,1,1,1,1,0,0,1,2020-01-21,2021-10-12
1322,0,0,0,0,0,1,0,2021-10-10,2021-10-13
6828,0,0,0,0,1,0,0,2021-10-10,2021-10-12
3040,0,1,1,1,1,0,0,2020-01-21,2021-10-12
6621,1,1,1,1,1,1,0,2020-01-21,2021-10-11
6677,0,0,0,0,0,1,1,2020-01-21,2021-10-13
6671,1,1,1,1,1,0,0,2020-01-21,2021-10-12
1544,0,0,0,0,1,1,1,2020-01-21,2021-10-13
3038,0,1,1,1,1,0,0,2021-10-12,2021-10-12
3039,1,0,0,0,0,1,1,2020-01-21,2021-10-13
5241,1,1,1,1,0,1,0,2021-10-10,2021-10-13
6237,0,0,0,1,1,1,1,2020-01-21,2021-10-10
1733,0,0,0,0,0,1,1,2020-01-21,2021-10-10
5530,1,1,1,1,1,0,0,2020-01-21,2021-10-10
1730,0,0,0,0,0,1,1,2021-10-10,2021-10-13
6840,0,0,0,0,1,1,1,2021-10-10,2021-10-13
402,0,1,1,1,1,0,0,2021-10-10,2021-10-12
4275,1,0,0,0,0,1,0,2020-01-21,2021-10-13
6051,0,1,1,1,1,1,1,2020-01-21,2021-10-13
5814,0,0,0,0,1,0,1,2020-01-21,2021-10-12
4695,1,0,0,0,1,0,0,2020-01-21,2021-10-12
6725,1,0,0,0,1,1,1,2020-01-21,2021-10-13
5876,0,0,0,0,1,0,0,2021-10-10,2021-10-12
6689,1,1,1,1,0,0,0,2020-01-21,2021-10-12
5874,0,0,0,0,0,0,1,2020-01-21,2020-01-22
6778,0,0,0,0,0,0,1,2020-01-21,2021-10-12
6637,0,1,1,1,0,0,0,2020-01-21,2021-10-12
6641,1,0,0,0,1,1,0,2020-01-21,2021-10-13
2113,1,1,1,1,1,1,1,2020-01-21,2021-10-13
6474,0,0,0,0,1,0,1,2020-01-21,2021-10-12
2846,1,1,1,1,1,1,1,2020-01-21,2021-10-13
2244,1,0,0,0,1,1,1,2020-01-21,2021-10-13
6791,0,0,0,0,1,0,0,2021-10-10,2021-10-12
6706,0,0,0,0,0,1,1,2020-01-21,2021-10-13
2785,0,0,0,0,1,1,0,2021-10-10,2021-10-13
5295,0,0,0,0,1,0,0,2021-10-10,2021-10-12
1362,1,1,1,1,1,0,0,2020-01-21,2021-10-12
3585,1,0,0,0,1,1,1,2020-01-21,2021-10-13
3218,1,0,0,0,0,1,0,2021-10-11,2021-10-13
3221,1,0,0,0,1,1,0,2020-01-21,2021-10-10
2012,1,1,1,1,1,1,1,2020-01-21,2021-10-13
4809,1,0,1,0,1,0,1,2020-01-10,2020-01-21
4807,0,1,0,1,0,1,0,2020-01-10,2020-01-21
6718,1,1,1,1,1,1,1,2020-01-10,2020-01-21
49,1,1,1,1,0,0,1,2020-01-10,2020-01-21
5485,0,0,0,0,0,1,0,2020-01-11,2020-01-20
6556,0,1,1,1,0,1,0,2021-10-10,2021-10-13
6636,0,0,0,0,0,0,1,2020-01-21,2021-10-12
6555,1,0,0,0,1,0,1,2020-01-21,2021-10-12
4885,0,1,0,0,1,0,0,2021-10-10,2021-10-12
7114,0,0,0,0,0,0,1,2020-01-21,2021-10-12
1233,0,0,0,0,0,1,1,2020-01-10,2020-01-10
307,0,0,0,0,0,1,1,2020-01-10,2020-01-21
6466,1,1,1,1,1,1,1,2020-01-10,2020-01-21
6469,1,1,1,1,1,1,1,2020-01-10,2020-01-21
6455,1,1,1,1,1,1,0,2020-01-10,2020-01-21
6478,0,0,0,0,1,1,0,2020-01-10,2020-01-10
5506,1,1,1,1,1,1,1,2020-01-10,2020-01-21
6476,1,1,1,1,1,1,1,2020-01-10,2020-01-21
5038,0,1,1,1,0,0,0,2021-10-10,2021-10-12
4226,1,1,1,1,1,0,0,2020-01-10,2020-01-11
6811,1,0,0,0,1,1,1,2020-01-21,2021-10-10
6809,1,0,0,0,0,1,1,2021-10-10,2021-10-13
7008,0,1,1,1,1,0,0,2020-01-10,2020-01-21
7001,0,0,0,0,0,1,1,2020-01-10,2020-01-20
5078,0,0,0,0,0,1,0,2020-01-10,2020-01-20
6721,0,0,0,0,0,0,1,2020-01-21,2021-10-12
6631,1,0,0,1,1,0,0,2020-01-21,2021-10-12
6628,0,0,0,0,1,0,1,2020-01-21,2021-10-12
5193,0,0,1,1,1,0,1,2020-01-21,2021-10-12
6873,0,0,0,0,0,1,0,2021-10-10,2021-10-13
2969,0,0,0,0,0,1,0,2021-10-10,2021-10-13
2009,1,1,1,1,1,1,1,2020-01-10,2020-01-21
2712,0,1,1,0,0,0,0,2020-01-10,2020-01-20
2947,1,1,1,1,1,1,1,2020-01-10,2020-01-21
6465,1,1,1,1,1,1,1,2020-01-10,2020-01-21
790,1,1,1,1,1,1,1,2020-01-10,2020-01-21
2713,0,0,0,0,1,1,1,2020-01-10,2020-01-21
6458,1,0,0,0,0,1,1,2020-01-10,2020-01-21
6459,0,0,1,1,0,0,0,2020-01-10,2020-01-21
6661,1,0,0,0,0,0,0,2020-01-21,2021-10-12
6741,1,1,1,1,1,1,1,2020-01-21,2021-10-13
6797,1,1,1,1,1,0,1,2020-01-21,2021-10-12
4381,1,1,1,1,1,1,0,2020-01-21,2021-10-13
3356,0,0,0,1,0,0,0,2021-10-10,2021-10-12
3357,0,0,0,0,1,1,1,2020-01-21,2021-10-13
5640,1,1,1,1,0,1,0,2020-01-21,2021-10-13
3331,1,1,1,1,1,0,1,2020-01-21,2021-10-12
6679,1,1,1,1,1,1,1,2020-01-21,2021-10-13
6866,0,0,0,0,0,1,1,2020-01-21,2021-10-13
6848,1,0,0,0,1,1,1,2020-01-21,2021-10-13
6802,0,0,0,1,1,0,1,2020-01-21,2021-10-12
1199,1,1,1,1,1,1,1,2020-01-10,2020-01-21
6594,1,0,0,0,0,1,0,2020-01-21,2021-10-13
5824,1,1,1,1,1,1,1,2020-01-21,2021-10-12
6645,1,1,1,1,1,1,1,2020-01-21,2021-10-12
6823,1,1,1,1,1,0,1,2020-01-21,2021-10-12
6819,0,0,0,0,0,0,1,2020-01-21,2021-10-12
6816,0,0,0,0,1,1,0,2021-10-10,2021-10-13
6805,1,1,1,1,1,1,0,2020-01-21,2021-10-13
4740,1,1,1,1,1,0,0,2020-01-11,2020-01-12
6164,1,1,1,1,1,0,0,2020-01-21,2020-01-23
5370,1,1,1,1,1,1,1,2020-01-21,2021-10-13
5596,0,1,1,1,1,1,1,2020-01-21,2021-10-13
5603,1,0,0,0,0,0,0,2020-01-21,2021-10-12
6598,1,0,0,0,0,0,0,2020-01-21,2021-10-11
6599,0,1,1,1,0,1,0,2020-01-21,2021-10-11
6595,1,0,0,0,0,0,0,2021-10-11,2021-10-12
6596,0,1,1,1,1,1,0,2021-10-11,2021-10-13
3859,1,1,1,1,0,0,0,2021-10-10,2021-10-12
3537,0,0,0,0,1,1,1,2020-01-21,2021-10-13
3864,0,0,0,0,1,1,1,2020-01-21,2021-10-13
1762,0,0,0,0,0,0,1,2020-01-21,2021-10-11
6571,0,0,0,0,0,1,1,2021-10-10,2021-10-11
5712,0,0,0,0,0,1,0,2021-10-10,2021-10-13
5717,1,1,1,1,1,0,1,2021-10-10,2021-10-12
4400,1,1,1,1,1,1,1,2021-10-11,2021-10-13
4402,1,1,1,1,1,1,1,2021-10-10,2021-10-11
6569,1,1,1,1,1,0,0,2021-10-11,2021-10-12
6570,0,0,0,0,0,1,1,2021-10-12,2021-10-13
2767,0,0,0,0,0,0,1,2020-01-22,2020-01-22
1778,1,0,0,0,1,0,0,2021-10-10,2021-10-11
1760,0,0,0,0,0,1,0,2021-10-10,2021-10-13
1780,1,0,0,0,1,0,0,2021-10-11,2021-10-12
1781,0,1,1,1,0,0,0,2020-01-21,2021-10-12
1764,1,0,0,0,0,0,0,2020-01-22,2020-01-22
6533,1,1,1,1,0,1,1,2021-10-10,2021-10-13
6534,1,1,1,1,1,1,1,2020-01-21,2021-10-10
3948,0,0,0,0,0,1,1,2021-10-10,2021-10-13
3949,1,1,1,1,1,0,0,2021-10-10,2021-10-12
6468,0,0,0,0,0,0,1,2021-10-10,2021-10-12
6467,0,0,0,0,0,1,0,2020-01-21,2021-10-13
6460,0,0,0,0,1,0,1,2021-10-10,2021-10-12
887,1,1,1,1,1,0,0,2020-01-21,2021-10-12
6452,0,0,0,0,0,1,0,2021-10-12,2021-10-13
6448,1,1,1,1,1,1,1,2020-01-21,2021-10-10
6447,0,0,0,0,0,1,0,2021-10-10,2021-10-11
6453,0,1,1,1,1,0,1,2021-10-11,2021-10-12
6446,1,1,1,1,1,1,1,2020-01-10,2020-01-11
1948,1,1,1,1,1,1,1,2021-10-11,2021-10-13
6450,1,1,1,1,1,0,1,2020-01-21,2021-10-12
6179,1,1,1,1,1,0,1,2021-10-10,2021-10-12
2577,1,1,1,1,1,1,1,2021-10-10,2021-10-13
6147,1,1,1,1,1,1,0,2021-10-10,2021-10-13
2582,1,1,1,1,1,1,0,2020-01-21,2021-10-10
3551,1,1,1,1,1,1,1,2020-01-21,2021-10-13
5784,1,1,1,1,1,1,1,2020-01-10,2020-01-21
6340,1,1,1,1,1,1,1,2020-01-21,2021-10-13
4641,1,1,1,1,1,1,1,2020-01-21,2021-10-13
4536,1,1,1,1,1,1,0,2020-01-21,2021-10-13
5738,1,1,1,1,1,0,0,2021-10-11,2021-10-12
5739,1,1,1,1,1,1,1,2020-01-21,2021-10-13
465,1,1,1,1,0,0,0,2020-01-10,2020-01-21
848,1,1,1,1,1,0,0,2020-01-21,2020-01-21
2495,0,0,0,0,0,1,1,2020-01-21,2021-10-13
2540,1,1,1,1,1,1,0,2020-01-21,2021-10-13
3238,1,1,1,1,1,1,0,2020-01-10,2020-01-21
