service_id,date,exception_type
7863,20211219,1
7867,20211225,2
7867,20220101,2
7868,20211225,1
7868,20220101,1
309,20211225,2
309,20220101,2
332,20211225,2
332,20220101,2
7871,20211219,1
333,20211225,1
333,20220101,1
4229,20211225,1
4229,20220101,1
4229,20220131,2
548,20211225,2
548,20220101,2
3703,20211207,1
6619,20220208,1
1408,20211206,1
6621,20220205,2
6621,20220206,2
6620,20220208,2
6620,20220207,2
4650,20211212,1
74,20211205,1
4652,20211224,2
4652,20211231,2
4651,20211123,2
4651,20211127,2
4651,20211120,2
6634,20220131,2
402,20211225,2
402,20220101,2
1350,20220206,2
6627,20220206,1
6627,20211225,1
6627,20220101,1
6638,20211214,1
6638,20211215,1
6638,20211216,1
6638,20211218,1
6638,20220104,1
6638,20220105,1
6638,20220106,1
6638,20220107,1
6638,20220108,1
6638,20220111,1
6638,20220112,1
6638,20220113,1
6638,20220114,1
6638,20220115,1
6638,20211221,1
6638,20211222,1
6638,20211223,1
6638,20211224,1
6638,20211228,1
6638,20211229,1
6638,20211230,1
6638,20211231,1
6637,20211217,1
7872,20211122,1
6639,20220202,2
6639,20220203,2
6639,20220205,2
6639,20220206,2
6639,20220209,2
6639,20220210,2
6639,20220212,2
6639,20220213,2
7873,20211128,1
6625,20220206,2
6625,20220207,2
7875,20211121,1
5137,20220208,1
5139,20220208,2
5139,20220131,2
3621,20211225,2
3621,20220101,2
6612,20220131,2
6612,20220207,2
1640,20220207,1
4734,20220130,2
1639,20220131,2
1639,20220207,2
3445,20220207,2
4732,20211213,1
4732,20211214,1
4732,20211215,1
4732,20211216,1
4732,20211217,1
4732,20211218,1
4732,20211220,1
4732,20220209,1
4732,20220210,1
4732,20220211,1
4732,20220212,1
4732,20220214,1
4732,20220215,1
4732,20220216,1
4732,20220217,1
4732,20211221,1
4732,20211222,1
4732,20211223,1
4732,20211224,1
4732,20211227,1
4732,20211228,1
4732,20211229,1
4732,20211230,1
4732,20211231,1
4732,20220103,1
4732,20220201,1
4732,20220202,1
4732,20220203,1
4732,20220204,1
4732,20220207,1
4732,20220208,2
390,20220207,1
3202,20211128,2
3622,20211124,2
4733,20220208,1
570,20211212,1
2273,20211207,1
530,20220206,1
7876,20211225,2
7876,20220101,2
1981,20211225,1
1981,20220101,1
3738,20220206,2
6648,20220201,2
6648,20211225,2
6648,20220101,2
6666,20211225,1
6666,20220101,1
4735,20220130,1
6616,20211204,2
4879,20220101,2
4879,20211221,2
4879,20211222,2
4879,20211223,2
4879,20211225,2
6615,20220130,2
6615,20220201,2
6615,20220202,2
6615,20220203,2
6615,20220204,2
6615,20220205,2
6615,20220208,2
6615,20220209,2
6615,20220210,2
6615,20220211,2
6615,20220212,2
6617,20211204,1
2372,20211208,1
2372,20211209,1
2372,20211210,1
7094,20211125,1
1288,20211225,2
1288,20220101,2
2313,20211223,2
2313,20211230,2
812,20211121,1
1309,20211122,1
327,20211204,2
2909,20220212,1
346,20211224,2
346,20211231,2
334,20211224,1
334,20211231,1
334,20211225,2
334,20220101,2
405,20211225,1
405,20220101,1
1243,20211225,1
1243,20220101,1
2459,20211214,1
2459,20211215,1
2459,20211216,1
2459,20211217,1
2459,20211218,1
2459,20220104,1
2459,20220105,1
2459,20220106,1
2459,20220107,1
2459,20220108,1
2459,20211221,1
2459,20211222,1
2459,20211223,1
2459,20211224,1
2459,20211228,1
2459,20211229,1
2459,20211230,1
2459,20211231,1
2459,20220111,1
2459,20220118,1
3740,20211214,1
3740,20211215,1
3740,20211216,1
3740,20211217,1
3740,20211218,1
3740,20220104,1
3740,20220105,1
3740,20220106,1
3740,20220107,1
3740,20220108,1
3740,20220115,1
3740,20220122,1
3740,20211221,1
3740,20211222,1
3740,20211223,1
3740,20211224,1
3740,20211228,1
3740,20211229,1
3740,20211230,1
3740,20211231,1
200,20211204,2
1297,20211129,1
3688,20220215,1
3688,20220216,1
3688,20220217,1
628,20211213,1
7566,20211206,2
7566,20211207,2
7566,20211208,2
950,20211122,1
7598,20211122,1
5497,20211212,1
5497,20211206,2
5497,20211207,2
5497,20211208,2
4262,20211207,2
4262,20211208,2
4508,20211207,2
4508,20211208,2
4508,20211209,2
2134,20211207,2
2134,20211208,2
4392,20211204,2
4392,20211207,2
4392,20211208,2
1602,20211120,1
7600,20211207,2
7600,20211208,2
2335,20211218,1
2174,20211225,2
2174,20220101,2
2374,20211225,1
2374,20220101,1
3863,20211221,2
3863,20211222,2
3863,20211223,2
3863,20211224,2
3863,20211225,2
3863,20211228,2
3863,20211229,2
3863,20211230,2
3863,20211231,2
3863,20220101,2
168,20211204,1
201,20211221,2
201,20211222,2
201,20211223,2
201,20211224,2
201,20211225,2
201,20211228,2
201,20211229,2
201,20211230,2
201,20211231,2
201,20220101,2
15,20211206,1
6654,20211125,1
6654,20211126,2
7534,20211120,1
1123,20211120,1
5374,20211122,1
84,20211121,1
7192,20211121,1
75,20211121,1
7360,20211130,2
7360,20211202,2
7360,20211207,2
7360,20211209,2
299,20211127,1
1048,20211125,1
1851,20220203,1
2973,20220101,2
2973,20211221,2
2973,20211222,2
2973,20211223,2
2973,20211224,2
2973,20211225,2
2470,20211218,2
2470,20211221,2
2470,20211222,2
2470,20211223,2
2470,20211224,2
2470,20211225,2
2470,20211228,2
2470,20211229,2
2470,20211230,2
2470,20211231,2
2470,20220101,2
7102,20211218,2
7102,20211221,2
7102,20211222,2
7102,20211223,2
7102,20211224,2
7102,20211225,2
7102,20211228,2
7102,20211229,2
7102,20211230,2
7102,20211231,2
7102,20220101,2
1283,20211123,1
276,20211120,1
83,20211122,1
822,20220217,1
821,20211127,1
821,20211211,1
779,20211221,2
779,20211222,2
779,20211223,2
779,20211224,2
779,20211225,2
779,20211228,2
779,20211229,2
779,20211230,2
779,20211231,2
779,20220101,2
823,20211128,1
823,20211212,1
292,20211221,2
292,20211222,2
292,20211223,2
292,20211224,2
292,20211225,2
292,20211228,2
292,20211229,2
292,20211230,2
292,20211231,2
292,20220101,2
379,20211222,2
379,20211223,2
379,20211224,2
379,20211225,2
379,20211229,2
379,20211230,2
379,20211231,2
379,20220101,2
7437,20211221,1
7437,20211222,1
7437,20211223,1
7437,20211224,1
7437,20211228,1
7437,20211229,1
7437,20211230,1
7437,20211231,1
1593,20211226,2
1593,20220102,2
371,20211221,2
371,20211228,2
293,20211223,2
293,20211230,2
297,20211221,2
297,20211222,2
297,20211224,2
297,20211225,2
297,20211228,2
297,20211229,2
297,20211231,2
297,20220101,2
367,20211225,2
367,20220101,2
3539,20211220,2
3539,20211227,2
3539,20220103,2
1725,20211225,2
1725,20220101,2
3236,20211221,1
3236,20211222,1
3236,20211224,1
3236,20211226,1
3236,20211228,1
3236,20211229,1
3236,20211231,1
3236,20220102,1
3236,20211219,1
431,20211225,2
431,20220101,2
4653,20211220,2
4653,20211227,2
4653,20220103,2
3238,20211219,2
3238,20211221,2
3238,20211222,2
3238,20211224,2
3238,20211225,2
3238,20211226,2
3238,20211228,2
3238,20211229,2
3238,20211231,2
3238,20220101,2
3238,20220102,2
352,20211223,2
352,20211230,2
335,20211226,2
335,20220102,2
419,20211225,2
419,20220101,2
365,20211225,2
365,20220101,2
363,20211224,2
363,20211231,2
362,20211221,2
362,20211222,2
362,20211223,2
362,20211224,2
362,20211228,2
362,20211229,2
362,20211230,2
362,20211231,2
350,20211223,1
350,20211230,1
350,20211225,2
350,20220101,2
361,20211221,1
361,20211222,1
361,20211228,1
361,20211229,1
338,20211225,2
338,20220101,2
357,20211221,2
357,20211222,2
357,20211224,2
357,20211228,2
357,20211229,2
357,20211231,2
1829,20211207,1
1255,20211218,1
7878,20211219,1
623,20211221,2
623,20211222,2
623,20211223,2
623,20211224,2
623,20211225,2
623,20211226,2
623,20211228,2
623,20211229,2
623,20211230,2
623,20211231,2
623,20220101,2
623,20220102,2
3373,20211223,2
3373,20211226,2
3373,20211230,2
3373,20220102,2
386,20211221,2
386,20211222,2
386,20211224,2
386,20211225,2
386,20211228,2
386,20211229,2
386,20211231,2
386,20220101,2
369,20211221,2
369,20211222,2
369,20211223,2
369,20211224,2
369,20211225,2
369,20211228,2
369,20211229,2
369,20211230,2
369,20211231,2
369,20220101,2
355,20211224,2
355,20211231,2
336,20211224,1
336,20211231,1
336,20211225,2
336,20220101,2
430,20211225,2
430,20220101,2
4764,20211225,2
4764,20220101,2
343,20211221,2
343,20211222,2
343,20211223,2
343,20211224,2
343,20211225,2
343,20211226,2
343,20211228,2
343,20211229,2
343,20211230,2
343,20211231,2
343,20220101,2
343,20220102,2
1700,20211221,2
1700,20211222,2
1700,20211223,2
1700,20211224,2
1700,20211225,2
1700,20211228,2
1700,20211229,2
1700,20211230,2
1700,20211231,2
1700,20220101,2
2308,20211225,1
2308,20220101,1
558,20211225,1
558,20220101,1
7286,20211221,2
7286,20211222,2
7286,20211224,2
7286,20211225,2
7286,20211228,2
7286,20211229,2
7286,20211231,2
7286,20220101,2
670,20211225,2
670,20220101,2
994,20211221,2
994,20211222,2
994,20211223,2
994,20211224,2
994,20211225,2
994,20211228,2
994,20211229,2
994,20211230,2
994,20211231,2
994,20220101,2
7552,20220110,2
1865,20220110,1
2606,20211223,2
2606,20211230,2
4230,20211224,1
4230,20211231,1
4230,20220110,2
5096,20211224,1
5096,20211231,1
1976,20211221,1
1976,20211222,1
1976,20211223,1
1976,20211224,1
1976,20211225,1
1976,20211228,1
1976,20211229,1
1976,20211230,1
1976,20211231,1
1976,20220101,1
1976,20220208,1
1976,20220209,1
1976,20220210,1
1976,20220211,1
1976,20220212,1
1976,20220215,1
1976,20220216,1
1976,20220217,1
1672,20220212,1
1672,20211221,1
1672,20211222,1
1672,20211223,1
1672,20211224,1
1672,20211228,1
1672,20211229,1
1672,20211230,1
1672,20211231,1
1672,20220215,1
1672,20220216,1
1672,20220217,1
7561,20211221,1
7561,20211222,1
7561,20211223,1
7561,20211224,1
7561,20211225,1
7561,20220208,1
7561,20220209,1
7561,20220210,1
7561,20220211,1
7561,20220212,1
7561,20220215,1
7561,20220216,1
7561,20220217,1
7561,20211213,1
7561,20211219,1
7561,20211220,1
7561,20211226,1
7561,20211227,1
7561,20211231,2
7147,20211224,1
7147,20211231,1
7147,20211225,2
7147,20220101,2
4935,20211224,1
4935,20211231,1
3956,20211221,2
3956,20211222,2
3956,20211223,2
3956,20211224,2
3956,20211225,2
3956,20211228,2
3956,20211229,2
3956,20211230,2
3956,20211231,2
3956,20220101,2
501,20211221,2
501,20211222,2
501,20211223,2
501,20211224,2
501,20211225,2
501,20211228,2
501,20211229,2
501,20211230,2
501,20211231,2
501,20220101,2
764,20220101,2
764,20211225,2
764,20211226,2
758,20211226,2
752,20211225,2
752,20220101,2
760,20211225,1
760,20211226,1
760,20220101,1
798,20211225,2
798,20220101,2
794,20211128,1
3153,20211128,2
792,20220101,2
792,20211225,2
792,20211226,2
793,20211128,2
809,20211121,1
2518,20211220,2
2518,20211227,2
4564,20211221,2
4564,20211228,2
2750,20211220,2
2750,20211227,2
3667,20211225,2
3667,20220101,2
3741,20211225,1
3741,20220101,1
211,20211225,2
211,20220101,2
1032,20211225,1
1032,20220101,1
275,20211224,1
275,20211231,1
275,20211225,2
275,20220101,2
7884,20211216,1
5343,20211123,1
5343,20211124,1
3681,20211204,2
3680,20211127,2
3680,20211120,2
2681,20211221,2
2681,20211228,2
2247,20211225,2
2247,20220101,2
4917,20211213,1
4917,20211214,1
4917,20211215,1
4917,20211216,1
4917,20211217,1
4917,20211218,1
4917,20211228,2
4917,20211229,2
4917,20211230,2
4917,20211231,2
4917,20220101,2
4917,20211220,2
578,20211221,2
578,20211222,2
578,20211224,2
578,20211225,2
578,20211228,2
578,20211229,2
578,20211231,2
578,20220101,2
583,20211223,2
583,20211230,2
571,20211221,2
571,20211222,2
571,20211223,2
571,20211224,2
571,20211225,2
571,20211228,2
571,20211229,2
571,20211230,2
571,20211231,2
571,20220101,2
2708,20211225,2
2708,20220101,2
1491,20211225,1
1491,20220101,1
2491,20211220,2
2491,20211227,2
625,20211213,1
625,20211219,1
7885,20211213,1
7885,20211219,1
4803,20211224,2
4803,20211231,2
1533,20220211,1
1533,20211221,1
1533,20211222,1
1533,20211223,1
1533,20211228,1
1533,20211229,1
1533,20211230,1
1533,20220215,1
1533,20220216,1
1533,20220217,1
5391,20220207,1
5391,20220214,1
5214,20211221,2
5214,20211222,2
5214,20211223,2
5214,20211224,2
5214,20211225,2
5214,20211228,2
5214,20211229,2
5214,20211230,2
5214,20211231,2
5214,20220101,2
2592,20211224,2
2592,20211231,2
2842,20211221,2
2842,20211222,2
2842,20211224,2
2842,20211225,2
2842,20211228,2
2842,20211229,2
2842,20211231,2
2842,20220101,2
2015,20211225,1
2015,20220101,1
4543,20211225,2
4543,20220101,2
3172,20211221,2
3172,20211222,2
3172,20211223,2
3172,20211224,2
3172,20211225,2
3172,20211228,2
3172,20211229,2
3172,20211230,2
3172,20211231,2
3172,20220101,2
1716,20211225,2
1716,20220101,2
5144,20211221,2
5144,20211228,2
401,20211221,2
401,20211222,2
401,20211223,2
401,20211224,2
401,20211225,2
401,20211228,2
401,20211229,2
401,20211230,2
401,20211231,2
401,20220101,2
4713,20220115,2
4713,20211221,2
4713,20211222,2
4713,20211223,2
4713,20211224,2
4713,20211225,2
4713,20211228,2
4713,20211229,2
4713,20211230,2
4713,20211231,2
4713,20220101,2
2109,20211225,2
2109,20211226,2
2109,20211228,2
2109,20211229,2
2109,20211230,2
2109,20211231,2
2109,20220101,2
2109,20220102,2
1901,20211225,2
1901,20220101,2
7886,20211213,1
7886,20211219,1
4412,20211225,2
4412,20220101,2
7076,20211119,1
7076,20211120,1
7076,20211208,2
7076,20211209,2
7076,20211210,2
7079,20211123,2
7079,20211124,2
7079,20211125,2
7079,20211126,2
7079,20211127,2
7090,20211123,2
7090,20211124,2
7090,20211125,2
7090,20211126,2
7090,20211127,2
7090,20211208,2
7090,20211209,2
7090,20211210,2
2205,20220212,1
2205,20211223,1
2205,20211230,1
2205,20220217,1
2205,20220215,1
2205,20220216,1
2205,20211225,2
2205,20220101,2
4301,20211225,1
4301,20220101,1
7137,20211221,1
7137,20211222,1
7137,20211223,1
7137,20211224,1
7137,20211225,1
7137,20211228,1
7137,20211229,1
7137,20211230,1
7137,20211231,1
7137,20220101,1
7137,20220208,1
7137,20220209,1
7137,20220210,1
7137,20220211,1
7137,20220212,1
7137,20220215,1
7137,20220216,1
7137,20220217,1
2022,20211221,1
2022,20211222,1
2022,20211223,1
2022,20211224,1
2022,20211228,1
2022,20211229,1
2022,20211230,1
2022,20211231,1
2022,20220208,1
2022,20220209,1
2022,20220210,1
2022,20220211,1
2022,20220215,1
2022,20220216,1
2022,20220217,1
7134,20220212,1
7134,20211221,1
7134,20211222,1
7134,20211223,1
7134,20211224,1
7134,20211228,1
7134,20211229,1
7134,20211230,1
7134,20211231,1
7134,20220215,1
7134,20220216,1
7134,20220217,1
7134,20211225,2
7134,20220101,2
4969,20211221,2
4969,20211228,2
4970,20211221,1
4970,20211228,1
4970,20220208,1
4970,20220215,1
4184,20211225,1
4184,20220101,1
4184,20220212,1
4281,20211121,1
3002,20211223,2
3002,20211230,2
2121,20211223,2
2121,20211225,2
2121,20211230,2
2121,20220101,2
7146,20211213,1
7146,20211218,1
7146,20220101,2
7146,20211220,2
7148,20211225,2
7148,20220101,2
7153,20211122,1
6837,20211225,2
6837,20220101,2
7156,20211225,1
7156,20220101,1
7156,20211224,2
7156,20211231,2
6915,20211220,2
6915,20211227,2
4190,20211221,2
4190,20211222,2
4190,20211223,2
4190,20211224,2
4190,20211228,2
4190,20211229,2
4190,20211230,2
4190,20211231,2
2590,20211221,2
2590,20211222,2
2590,20211224,2
2590,20211228,2
2590,20211229,2
2590,20211231,2
769,20211221,2
769,20211222,2
769,20211223,2
769,20211224,2
769,20211225,2
769,20211228,2
769,20211229,2
769,20211230,2
769,20211231,2
769,20220101,2
775,20211225,1
775,20220101,1
782,20211221,2
782,20211222,2
782,20211224,2
782,20211225,2
782,20211228,2
782,20211229,2
782,20211231,2
782,20220101,2
796,20211225,2
796,20220101,2
797,20211221,2
797,20211222,2
797,20211223,2
797,20211224,2
797,20211228,2
797,20211229,2
797,20211230,2
797,20211231,2
800,20211226,1
801,20211228,1
801,20211229,1
801,20211230,1
801,20211231,1
801,20211221,1
801,20211222,1
801,20211223,1
801,20211224,1
801,20211226,2
688,20211225,2
688,20220101,2
925,20211119,1
925,20211120,1
925,20211207,1
925,20211208,1
925,20211209,1
925,20211210,1
925,20211211,1
5595,20211225,2
5595,20220101,2
900,20211119,1
900,20211120,1
900,20211207,1
900,20211208,1
900,20211210,1
900,20211211,1
824,20211223,1
824,20211230,1
824,20211225,2
824,20220101,2
795,20211226,1
774,20211225,1
774,20211226,1
774,20220101,1
2772,20220101,2
2772,20211225,2
2772,20211226,2
7535,20211221,2
7535,20211222,2
7535,20211223,2
7535,20211224,2
7535,20211225,2
7535,20211226,2
7535,20211228,2
7535,20211229,2
7535,20211230,2
7535,20211231,2
7535,20220101,2
7535,20220102,2
818,20211223,2
818,20211226,2
818,20211230,2
818,20220102,2
819,20211223,2
819,20211226,2
819,20211230,2
819,20220102,2
7718,20211225,2
7718,20220101,2
1310,20211206,1
4470,20211225,2
4470,20220101,2
6603,20211207,1
5346,20211205,2
5349,20211225,1
5349,20220101,1
5349,20211224,2
5349,20211231,2
6668,20211224,1
6668,20211231,1
6668,20211225,2
6668,20220101,2
1777,20211205,2
5347,20211225,2
5347,20220101,2
1778,20220201,2
1778,20220202,2
1778,20220203,2
1778,20220204,2
1778,20220205,2
1778,20220208,2
1778,20220209,2
1778,20220210,2
1778,20220211,2
1778,20220212,2
3056,20211225,1
3056,20220101,1
3054,20211225,2
3054,20220101,2
5023,20211225,2
5023,20220101,2
4792,20211205,2
4792,20211206,2
4792,20211121,2
3053,20211225,2
3053,20220101,2
2271,20211225,2
2271,20220101,2
2221,20211205,2
6656,20211225,2
6656,20220101,2
1159,20220215,1
5149,20211205,2
5149,20211206,2
5149,20211121,2
5149,20211211,2
2315,20211211,1
4536,20211204,2
4536,20211205,2
7572,20211225,2
7572,20220101,2
3939,20211225,1
3939,20220101,1
6681,20211215,2
6681,20211216,2
6681,20220201,2
6681,20220202,2
6681,20220203,2
6681,20220204,2
6681,20220205,2
6681,20220208,2
6681,20220209,2
6681,20220210,2
6681,20220211,2
6681,20220212,2
5199,20211127,2
1830,20211119,1
5202,20220109,1
5202,20211214,1
5202,20211215,1
5202,20211216,1
5202,20211217,1
5202,20211221,1
5202,20211222,1
5202,20211223,1
5202,20211228,1
5202,20211229,1
5202,20220208,1
5202,20220209,1
5202,20220210,1
5202,20220211,1
5202,20220215,1
5202,20220216,1
5202,20220217,1
5202,20211224,2
5202,20211230,2
5202,20211231,2
5197,20211230,1
1419,20220117,2
1419,20220207,2
1418,20220207,1
1418,20220117,1
5198,20220109,2
5196,20211226,1
5196,20211218,1
5196,20211219,1
5196,20220212,1
5196,20220213,1
2116,20211205,1
1828,20211202,1
2112,20211119,1
6607,20211225,1
6607,20211227,2
6607,20211220,2
2119,20211221,1
2119,20211222,1
2119,20211223,1
2119,20220212,1
6609,20220214,1
6609,20220101,1
6609,20211220,1
2120,20211214,1
2120,20211215,1
2120,20211216,1
2120,20211217,1
2120,20211228,1
2120,20211229,1
2120,20211230,1
2120,20220208,1
2120,20220209,1
2120,20220210,1
2120,20220211,1
2120,20220215,1
2120,20220216,1
2120,20220217,1
2120,20211231,2
854,20211227,1
2114,20211226,1
2114,20220102,1
2114,20211219,1
2114,20220213,1
4494,20211225,1
4494,20220101,1
6646,20211225,2
6646,20220101,2
4312,20211207,1
3367,20211207,1
6687,20211216,1
6687,20211223,1
6687,20211230,1
4254,20211226,2
4254,20220102,2
5532,20211208,2
5530,20220201,2
5530,20220202,2
5530,20220203,2
5530,20220204,2
5530,20220205,2
5530,20220208,2
5530,20220209,2
5530,20220210,2
5530,20220211,2
5530,20220212,2
6632,20211224,2
6632,20211231,2
6631,20211218,1
6590,20211207,2
6590,20211208,2
6611,20220210,2
6611,20220211,2
828,20220115,1
1516,20220205,1
1662,20220129,1
49,20211211,1
1859,20220108,1
1882,20220122,1
1683,20220212,1
1876,20220106,1
1609,20211226,1
1681,20220216,1
1762,20211229,1
1864,20220121,1
1856,20220103,1
1873,20220124,1
1677,20220209,1
1884,20211230,1
1837,20220202,1
1673,20220211,1
540,20211214,1
1279,20211225,1
1610,20211219,1
1835,20220114,1
1622,20211228,1
1678,20220217,1
1688,20220208,1
1881,20220119,1
1883,20220112,1
1885,20220120,1
1875,20220204,1
1858,20220117,1
1852,20220104,1
1890,20220111,1
1611,20220109,1
1088,20220206,1
1854,20211222,1
1877,20211220,1
1834,20220214,1
1670,20220125,1
974,20220207,1
1850,20220118,1
1668,20220128,1
889,20220105,1
1241,20220131,1
1874,20211215,1
1667,20220127,1
1664,20220126,1
1608,20220116,1
1853,20220107,1
249,20220123,1
1657,20211221,1
1612,20220102,1
1690,20220201,1
494,20211210,1
1831,20211203,1
1832,20211208,1
1833,20211201,1
1827,20211209,1
1558,20211217,1
1891,20211223,1
1855,20220113,1
1687,20220215,1
1836,20211216,1
1680,20220210,1
1177,20220101,1
1411,20211221,1
1411,20211222,1
1411,20211223,1
1411,20211228,1
1411,20211229,1
1411,20211230,1
1411,20220215,1
1411,20220216,1
1411,20220217,1
1403,20220207,2
1838,20211126,1
1840,20211124,1
1402,20220206,1
1410,20211221,2
1410,20211222,2
1410,20211223,2
1410,20211224,2
1410,20211228,2
1410,20211229,2
1410,20211230,2
1410,20211231,2
6582,20211221,1
6582,20211222,1
6582,20211223,1
6582,20211228,1
6582,20211229,1
6582,20211230,1
6582,20220215,1
6582,20220216,1
6582,20220217,1
917,20211123,1
2797,20211130,1
6588,20220206,1
6586,20211221,2
6586,20211222,2
6586,20211223,2
6586,20211224,2
6586,20211228,2
6586,20211229,2
6586,20211230,2
6586,20211231,2
